39 0
75 62
98 67
9 17
100 47
52 96
95 32
5 5
56 91
67 73
66 41
92 2
74 62
24 97
23 23
30 28
31 66
38 25
97 45
0 30
100 3
81 89
25 33
20 10
96 20
73 15
6 77
85 73
15 70
70 29
50 56
41 4
76 55
2 8
100 9
40 6
82 87
64 19
42 6
9 7
12 88
65 87
37 48
80 78
27 35
51 100
46 10
74 34
25 3
77 33
47 97
75 37
23 40
15 54
6 61
69 99
80 30
65 93
9 79
19 11
64 6
44 85
10 4
24 50
70 59
80 65
23 28
10 90
19 5
12 12
78 2
85 5
92 73
51 46
26 55
79 68
53 71
29 40
93 60
39 67
96 80
42 74
55 94
33 31
93 49
96 13
83 77
54 52
48 73
41 70
31 65
69 80
88 12
29 73
70 54
20 37
87 49
62 9
97 51
36 8
32 34
34 20
70 59
20 100
91 43
14 63
60 42
74 69
56 50
43 80
3 97
37 52
21 30
97 95
55 1
1 8
33 17
100 34
13 1
24 12
78 35
7 1
34 91
93 48
55 22
87 84
19 75
60 89
13 44
86 80
77 58
82 58
83 68
7 61
67 61
6 99
26 77
43 100
73 69
34 56
19 1
34 8
23 15
10 65
19 38
6 48
58 68
24 66
29 37
77 50
32 22
23 98
33 72
54 70
32 4
87 30
97 22
76 41
97 90
41 19
62 64
74 57
15 11
93 7
60 47
4 35
58 46
95 9
3 85
47 61
35 96
87 44
31 26
38 46
84 28
62 95
25 37
74 49
61 72
51 90
23 45
71 42
44 95
48 34
27 76
38 88
33 23
48 3
73 2
44 75
81 86
10 96
64 49
26 63
8 75
69 42
89 35
64 32
17 17
75 44
33 96
22 76
24 29
58 33
94 97
30 39
1 12
5 20
73 31
18 97
78 13
43 24
20 54
93 88
93 54
26 86
29 18
57 38
75 82
68 90
6 35
95 31
47 14
76 91
26 53
11 42
64 92
45 60
85 48
3 71
56 72
69 20
40 16
68 31
43 84
76 89
62 27
65 74
0 48
58 78
33 48
82 67
30 4
66 68
86 89
32 58
47 79
5 51
95 34
33 47
94 8
13 99
7 97
21 74
60 91
77 6
9 39
19 20
25 47
47 85
41 92
17 40
64 74
12 30
35 23
43 40
87 68
69 12
76 56
45 10
74 92
63 39
91 64
71 76
8 43
84 80
17 3
60 97
78 46
87 51
74 29
29 23
98 54
67 74
83 6
55 42
6 74
92 44
71 48
14 7
47 19
40 37
11 95
51 3
8 82
19 66
89 84
12 2
56 3
7 91
0 100
64 45
94 2
85 28
58 85
47 66
55 28
72 90
32 84
52 99
21 25
71 88
7 16
5 75
88 85
63 60
54 6
11 36
60 78
56 20
49 66
32 63
61 51
81 26
27 14
37 51
99 21
3 19
9 91
73 59
17 17
78 44
30 97
95 67
75 25
27 98
94 94
37 22
20 5
91 24
67 1
58 86
3 94
40 85
45 96
26 21
55 77
57 82
12 62
22 15
77 25
58 86
25 49
12 94
12 77
74 67
76 73
5 99
53 60
58 70
10 22
53 77
53 25
33 0
46 21
25 47
38 2
48 54
3 27
30 58
54 84
45 21
54 78
7 2
59 48
4 87
99 37
17 88
7 9
66 9
31 34
37 59
76 6
29 35
63 100
98 5
44 85
26 27
41 21
30 77
41 82
60 81
2 98
63 9
91 14
36 22
87 67
28 95
27 80
38 51
32 51
16 81
17 40
58 10
89 34
35 6
18 56
93 99
70 59
94 91
8 11
48 72
57 1
84 22
75 96
44 43
16 85
53 80
20 62
36 73
49 27
11 15
84 57
53 73
97 3
87 11
45 18
4 56
88 36
46 3
75 56
20 66
16 16
97 78
54 98
65 85
12 79
3 5
90 65
54 56
61 55
62 39
9 9
27 8
38 16
62 16
56 7
98 53
48 42
63 23
67 78
62 64
76 73
36 89
9 43
3 13
22 85
95 80
47 74
40 74
54 93
15 38
18 45
83 67
57 96
67 47
92 91
67 98
35 8
34 36
15 99
51 17
68 45
28 37
29 9
79 19
81 22
29 55
31 77
68 97
96 42
41 24
7 56
16 22
64 41
30 42
73 51
43 38
43 89
78 34
53 11
60 46
54 85
33 98
68 31
68 60
19 15
80 92
74 74
96 37
79 68
57 51
19 92
29 96
80 86
71 55
35 63
63 91
83 27
84 86
38 89
50 72
43 34
77 99
9 100
41 3
81 36
38 85
51 33
81 29
38 24
32 75
69 18
67 17
50 13
91 79
89 32
31 39
13 79
29 51
31 2
55 28
97 83
29 44
82 64
11 46
4 44
8 80
64 29
25 28
89 77
6 11
20 46
70 99
99 81
99 85
71 8
92 8
22 68
47 43
60 50
60 99
36 69
4 67
41 37
17 72
87 10
92 44
0 86
61 41
1 19
83 94
50 23
34 91
0 44
54 45
20 9
90 42
97 41
72 40
90 64
14 63
67 19
82 94
91 54
55 74
78 47
9 76
13 13
60 67
64 7
97 10
13 29
79 91
56 8
95 87
89 31
96 56
55 16
74 73
51 40
43 60
88 12
83 59
42 71
39 89
86 13
66 50
93 93
28 42
45 1
66 37
76 81
93 10
7 35
27 71
10 13
69 9
97 8
83 33
48 47
93 49
68 50
99 55
84 24
18 54
17 78
55 50
88 52
71 25
67 84
58 10
44 90
21 0
57 83
63 64
15 15
12 45
22 53
59 14
43 80
84 50
84 82
73 56
4 82
12 61
30 63
31 69
7 56
43 67
23 37
76 89
29 15
59 33
33 67
29 89
40 40
25 58
85 55
28 1
32 63
81 51
31 42
5 7
35 81
86 47
18 34
50 3
15 9
82 19
53 75
88 58
66 27
31 84
74 7
76 65
28 36
73 10
34 36
3 20
71 3
42 43
96 40
63 33
2 45
48 10
3 37
97 58
65 57
84 75
31 21
22 91
93 77
61 96
49 80
45 48
2 46
56 35
72 85
64 4
43 22
61 39
43 56
89 94
15 53
61 18
46 62
18 21
66 64
28 88
88 98
8 34
17 12
19 14
7 33
93 53
81 85
82 57
37 54
41 44
26 0
66 64
28 39
98 84
94 92
77 71
55 90
87 97
94 2
15 76
87 45
74 83
36 5
61 32
35 88
5 94
28 96
21 25
81 44
31 45
39 78
74 12
48 58
95 26
52 3
49 0
2 76
22 2
23 29
94 26
68 74
79 94
88 77
76 35
85 74
12 35
80 76
16 98
54 30
85 45
43 90
10 53
84 8
61 23
17 32
5 99
72 10
74 44
76 76
27 14
64 94
70 70
32 1
77 68
3 90
44 69
76 33
34 42
65 55
16 25
71 42
60 99
58 89
11 95
25 31
31 27
86 35
53 97
54 8
27 90
98 36
57 36
90 21
31 35
49 59
17 84
32 79
87 5
80 16
12 10
23 63
84 10
65 74
11 50
5 52
87 4
80 53
94 91
21 22
13 59
18 11
60 24
98 43
52 50
28 39
25 37
3 90
70 25
47 10
56 68
83 74
71 2
82 19
50 73
6 61
68 36
42 60
47 44
90 31
92 21
14 7
36 86
63 34
26 26
19 16
18 68
15 88
0 56
61 56
56 58
93 99
28 1
59 31
8 41
87 90
16 8
62 51
91 31
78 64
51 65
71 91
88 10
23 10
33 19
76 22
81 80
25 76
66 0
35 34
13 70
31 70
29 22
43 3
97 1
47 2
92 49
34 80
64 67
10 23
63 14
82 75
67 48
76 47
79 38
96 77
61 18
42 97
4 37
74 81
13 27
78 56
19 48
6 24
21 94
61 52
35 8
23 33
43 55
34 99
35 89
35 24
32 17
72 85
47 29
36 0
92 17
59 66
94 41
29 99
80 54
41 51
55 95
55 68
71 11
67 6
62 42
51 21
96 81
20 18
76 7
71 5
91 8
60 4
66 83
19 87
18 24
90 89
52 86
56 82
85 17
76 95
62 3
48 19
93 9
51 66
19 15
65 81
3 22
70 72
57 50
100 47
24 89
56 9
5 84
95 94
36 30
36 87
70 96
11 66
75 81
37 36
54 41
36 37
78 55
86 14
93 92
88 40
6 16
63 77
28 30
93 68
57 25
16 27
10 4
75 92
49 59
26 55
87 11
12 87
36 95
54 37
78 98
65 80
58 87
70 90
3 0
27 82
6 5
78 19
24 70
49 47
49 64
33 39
57 92
33 88
72 58
13 93
45 4
32 30
51 100
62 37
30 85
20 7
91 92
63 53
46 18
15 61
5 47
1 39
41 31
73 62
12 10
25 61
95 67
52 3
52 77
13 60
62 88
53 56
30 27
24 21
24 95
12 58
20 7
93 65
7 39
9 2
87 52
84 1
20 73
