0	2365464
1	2362515
2	2328841
3	2299089
4	2287102
5	2324927
6	2432096
7	2289368
8	2275805
9	2286819
10	2305805
11	2255546
12	2334008
13	2293627
14	2377942
15	2307166
16	2280719
17	2298566
18	2359970
19	2272092
20	2256369
21	2319802
22	2255885
23	2369636
24	2211021
25	2261529
26	2319763
27	2348893
28	2303817
29	2207315
30	2306826
31	2353621
32	2398859
33	2433638
34	2408290
35	2364796
36	2289681
37	2319854
38	2315371
39	2327279
40	2362202
41	2267872
42	2397295
43	2337168
44	2406046
45	2323347
46	2368877
47	2371384
48	2336180
49	2352476
50	2335936
51	2330502
52	2261293
53	2312009
54	2429325
55	2195209
56	2318653
57	2401957
58	2309617
59	2271171
60	2417682
61	2420777
62	2391199
63	2329083
64	2325013
65	2344473
66	2284396
67	2325153
68	2364175
69	2343778
70	2234698
71	2398357
72	2314306
73	2373804
74	2350129
75	2320515
76	2344633
77	2347724
78	2401662
79	2317381
80	2375164
81	2336175
82	2286340
83	2386314
84	2428006
85	2354788
86	2288493
87	2272676
88	2361973
89	2416930
90	2400798
91	2342272
92	2270922
93	2457384
94	2275997
95	2405097
96	2262882
97	2246983
98	2330201
99	2390523
100	2372158
101	2357124
102	2367187
103	2377998
104	2354957
105	2434937
106	2420367
107	2405816
108	2291849
109	2346217
110	2319632
111	2447203
112	2346726
113	2223303
114	2382591
115	2375455
116	2328097
117	2304208
118	2306081
119	2378838
120	2374849
121	2305945
122	2335801
123	2259138
124	2358972
125	2308817
126	2323457
127	2298941
128	2345470
129	2385986
130	2361623
131	2447284
132	2298280
133	2312955
134	2304982
135	2293088
136	2319508
137	2382247
138	2316378
139	2183011
140	2369861
141	2354708
142	2303280
143	2370333
144	2331432
145	2337098
146	2310798
147	2201909
148	2317180
149	2351593
150	2374786
151	2410540
152	2370211
153	2297473
154	2439262
155	2420672
156	2301663
157	2326001
158	2277521
159	2261133
160	2365018
161	2402475
162	2356427
163	2402108
164	2287546
165	2299313
166	2337401
167	2282231
168	2296188
169	2340668
170	2383276
171	2263704
172	2315530
173	2324173
174	2303979
175	2398246
176	2242818
177	2364965
178	2341875
179	2373806
180	2342291
181	2369649
182	2414432
183	2256277
184	2233915
185	2353022
186	2350836
187	2364542
188	2287219
189	2381301
190	2269720
191	2415366
192	2283982
193	2268238
194	2368769
195	2294842
196	2406765
197	2433140
198	2333725
199	2343894
200	2334086
201	2281397
202	2391450
203	2312411
204	2333099
205	2371038
206	2364251
207	2366359
208	2317046
209	2377324
210	2392982
211	2402188
212	2373611
213	2385434
214	2306821
215	2397297
216	2342277
217	2344549
218	2321101
219	2302979
220	2358598
221	2373911
222	2386919
223	2333806
224	2247261
225	2373620
226	2311040
227	2332989
228	2368877
229	2338068
230	2328371
231	2284868
232	2408701
233	2346973
234	2334820
235	2357927
236	2388493
237	2297016
238	2281342
239	2332192
240	2377778
241	2271098
242	2275253
243	2417554
244	2390393
245	2419359
246	2295339
247	2292175
248	2359744
249	2425911
250	2359879
251	2305220
252	2340694
253	2290405
254	2354723
255	2309727
256	2306121
257	2454712
258	2300885
259	2281107
260	2324794
261	2352646
262	2399525
263	2356998
264	2298824
265	2326902
266	2398241
267	2313975
268	2272599
269	2267216
270	2368094
271	2328032
272	2226755
273	2300815
274	2353513
275	2317515
276	2310987
277	2265606
278	2328433
279	2420659
280	2357274
281	2290254
282	2239053
283	2236769
284	2327737
285	2364321
286	2428133
287	2316853
288	2326708
289	2316819
290	2342814
291	2286371
292	2299776
293	2427133
294	2281583
295	2364506
296	2270347
297	2339391
298	2318805
299	2285310
300	2338368
301	2280767
302	2254703
303	2330563
304	2279799
305	2323106
306	2367193
307	2417857
308	2344811
309	2325197
310	2266915
311	2362929
312	2369809
313	2281500
314	2171696
315	2338635
316	2275173
317	2386985
318	2279679
319	2364076
320	2319869
321	2318964
322	2327229
323	2347248
324	2317165
325	2393671
326	2294113
327	2324375
328	2236567
329	2220657
330	2360407
331	2323654
332	2390705
333	2319580
334	2316299
335	2325516
336	2328343
337	2345838
338	2437458
339	2270400
340	2265344
341	2299496
342	2223912
343	2259649
344	2427889
345	2350224
346	2306854
347	2344485
348	2365248
349	2348276
350	2372753
351	2361065
352	2364995
353	2436767
354	2331247
355	2329895
356	2275698
357	2364637
358	2255556
359	2377743
360	2304624
361	2225679
362	2230150
363	2247942
364	2282660
365	2386154
366	2353227
367	2392837
368	2413270
369	2306463
370	2334286
371	2364805
372	2290273
373	2334695
374	2409918
375	2328350
376	2393364
377	2312449
378	2274760
379	2428913
380	2432384
381	2349958
382	2267191
383	2270695
384	2422581
385	2377204
386	2391715
387	2348308
388	2372343
389	2330186
390	2348577
391	2341452
392	2328063
393	2370997
394	2305288
395	2356006
396	2358022
397	2390161
398	2348026
399	2420891
400	2230418
401	2375057
402	2296289
403	2234023
404	2374313
405	2362554
406	2365608
407	2326365
408	2261161
409	2297255
410	2307056
411	2353311
412	2431708
413	2290003
414	2430363
415	2350044
416	2434677
417	2399653
418	2384993
419	2290802
420	2393451
421	2322946
422	2298972
423	2281350
424	2358442
425	2342484
426	2390735
427	2349981
428	2328909
429	2285393
430	2343382
431	2286314
432	2306749
433	2390761
434	2331993
435	2344789
436	2345532
437	2382440
438	2295008
439	2368252
440	2276360
441	2335145
442	2405963
443	2250898
444	2368102
445	2357522
446	2249237
447	2273594
448	2366492
449	2359504
450	2309561
451	2315578
452	2378002
453	2330294
454	2226790
455	2450570
456	2287539
457	2197095
458	2241528
459	2384176
460	2328719
461	2296052
462	2340671
463	2317697
464	2342626
465	2345225
466	2317188
467	2292899
468	2316965
469	2293256
470	2420065
471	2298313
472	2319060
473	2386110
474	2238405
475	2346898
476	2321287
477	2379132
478	2361075
479	2250373
480	2461404
481	2398891
482	2226627
483	2380315
484	2300469
485	2382809
486	2282984
487	2321150
488	2365046
489	2321169
490	2303446
491	2319786
492	2318313
493	2374791
494	2355460
495	2297674
496	2343268
497	2296384
498	2349976
499	2427469
500	2307351
501	2345522
502	2330230
503	2316260
504	2432605
505	2439618
506	2330134
507	2384641
508	2369120
509	2278592
510	2363300
511	2276050
512	2407045
513	2349905
514	2367659
515	2319237
516	2326941
517	2308252
518	2292402
519	2404888
520	2316700
521	2405948
522	2320613
523	2383811
524	2315233
525	2404089
526	2339643
527	2332847
528	2439608
529	2318542
530	2329314
531	2340629
532	2298942
533	2303063
534	2315155
535	2352005
536	2394735
537	2325236
538	2421720
539	2419507
540	2362398
541	2362039
542	2378394
543	2380734
544	2404639
545	2349036
546	2343858
547	2367075
548	2252856
549	2326520
550	2312835
551	2382242
552	2344283
553	2340429
554	2307568
555	2287219
556	2204208
557	2296141
558	2235702
559	2417222
560	2359080
561	2261525
562	2315887
563	2278652
564	2378371
565	2389071
566	2236081
567	2313789
568	2292373
569	2409160
570	2298074
571	2364401
572	2255457
573	2289368
574	2284566
575	2318430
576	2255249
577	2302543
578	2276041
579	2397619
580	2332631
581	2297129
582	2385429
583	2278647
584	2300524
585	2401897
586	2320206
587	2227101
588	2388249
589	2387274
590	2389434
591	2319451
592	2325060
593	2426149
594	2384254
595	2338697
596	2227645
597	2316714
598	2383236
599	2304249
600	2307697
601	2321049
602	2322849
603	2325427
604	2301476
605	2271965
606	2374002
607	2436239
608	2330007
609	2288927
610	2477060
611	2379865
612	2304753
613	2278963
614	2289586
615	2368540
616	2313656
617	2412702
618	2415910
619	2406771
620	2259050
621	2400965
622	2290949
623	2260292
624	2316557
625	2347654
626	2374797
627	2290999
628	2373056
629	2316568
630	2367469
631	2299348
632	2314838
633	2423823
634	2303897
635	2287246
636	2369149
637	2291568
638	2381086
639	2309607
640	2321077
641	2261892
642	2335800
643	2356366
644	2293169
645	2345227
646	2370162
647	2379342
648	2372640
649	2318012
650	2383075
651	2335085
652	2279048
653	2260449
654	2255492
655	2380968
656	2294579
657	2402281
658	2285960
659	2383594
660	2326032
661	2328609
662	2280463
663	2326593
664	2281634
665	2401834
666	2387478
667	2358017
668	2455234
669	2420993
670	2413170
671	2320183
672	2322599
673	2327891
674	2349357
675	2298682
676	2316815
677	2400313
678	2397136
679	2257218
680	2369272
681	2357960
682	2350423
683	2402409
684	2457354
685	2418954
686	2285036
687	2261067
688	2277175
689	2342310
690	2290547
691	2372367
692	2252695
693	2293523
694	2359455
695	2296913
696	2328964
697	2292088
698	2370005
699	2270993
700	2412599
701	2401309
702	2389978
703	2273643
704	2378419
705	2347717
706	2389489
707	2274192
708	2346696
709	2431672
710	2418852
711	2270207
712	2276846
713	2242641
714	2368493
715	2440623
716	2412344
717	2326861
718	2318165
719	2311486
720	2304618
721	2470809
722	2362854
723	2290428
724	2383390
725	2343653
726	2307177
727	2271630
728	2393613
729	2328615
730	2277426
731	2336771
732	2261550
733	2165920
734	2313295
735	2393734
736	2305010
737	2353822
738	2363946
739	2301188
740	2337354
741	2349620
742	2366194
743	2317000
744	2331184
745	2330453
746	2348996
747	2300130
748	2236476
749	2307361
750	2346693
751	2371785
752	2353516
753	2253184
754	2404022
755	2333160
756	2354620
757	2414251
758	2332675
759	2267720
760	2286316
761	2259013
762	2316924
763	2361262
764	2386875
765	2325068
766	2271106
767	2371090
768	2301867
769	2379227
770	2295346
771	2316650
772	2288621
773	2318725
774	2261432
775	2371600
776	2296687
777	2281762
778	2331925
779	2462497
780	2264452
781	2314682
782	2293541
783	2260927
784	2350062
785	2296889
786	2248542
787	2293079
788	2347337
789	2275385
790	2257419
791	2311764
792	2272112
793	2386716
794	2275744
795	2338345
796	2377095
797	2235367
798	2377139
799	2379974
800	2404025
801	2363369
802	2356846
803	2382997
804	2300718
805	2232468
806	2409700
807	2286234
808	2299393
809	2391636
810	2328841
811	2251381
812	2417242
813	2319020
814	2315144
815	2307190
816	2353550
817	2371597
818	2354866
819	2303071
820	2365512
821	2335803
822	2288046
823	2324060
824	2316625
825	2292803
826	2439178
827	2329581
828	2412089
829	2372452
830	2303308
831	2416014
832	2296962
833	2310200
834	2379410
835	2353977
836	2371906
837	2348666
838	2321559
839	2369152
840	2389471
841	2344433
842	2334830
843	2290958
844	2367105
845	2296425
846	2320730
847	2310353
848	2352624
849	2381357
850	2396964
851	2361830
852	2357217
853	2359109
854	2342855
855	2285450
856	2272948
857	2373729
858	2291285
859	2361391
860	2393775
861	2368770
862	2382885
863	2303545
864	2311360
865	2325341
866	2314257
867	2377261
868	2332732
869	2304920
870	2280338
871	2384795
872	2350084
873	2243596
874	2350008
875	2342759
876	2287120
877	2296055
878	2329814
879	2262324
880	2239685
881	2318568
882	2327931
883	2347090
884	2299108
885	2313576
886	2380781
887	2307911
888	2312957
889	2321684
890	2372273
891	2341394
892	2338662
893	2411684
894	2446199
895	2352794
896	2292135
897	2259376
898	2374592
899	2284013
900	2380977
901	2279326
902	2340119
903	2289655
904	2365866
905	2278269
906	2182163
907	2337778
908	2311685
909	2309591
910	2277466
911	2198630
912	2327189
913	2276453
914	2401649
915	2254954
916	2300289
917	2225558
918	2309578
919	2285635
920	2354794
921	2318345
922	2340578
923	2302313
924	2390121
925	2273326
926	2487182
927	2265884
928	2235700
929	2289134
930	2401055
931	2294104
932	2240186
933	2298128
934	2371287
935	2228234
936	2345528
937	2304672
938	2377409
939	2379136
940	2290571
941	2379447
942	2380469
943	2274783
944	2402096
945	2322542
946	2410952
947	2346456
948	2280253
949	2397295
950	2290237
951	2364608
952	2373167
953	2307292
954	2413875
955	2189490
956	2365821
957	2330056
958	2407417
959	2382415
960	2335479
961	2349810
962	2429142
963	2367245
964	2350229
965	2340228
966	2203367
967	2277400
968	2407616
969	2365286
970	2289959
971	2362998
972	2333685
973	2363104
974	2344640
975	2348037
976	2342836
977	2282561
978	2312588
979	2346813
980	2336684
981	2352313
982	2325105
983	2398113
984	2253337
985	2356858
986	2360354
987	2372027
988	2428688
989	2357438
990	2340005
991	2313822
992	2269223
993	2294032
994	2267413
995	2372106
996	2313875
997	2399452
998	2321869
999	2387843
1000	2286543
1001	2325708
1002	2328172
1003	2441257
1004	2363540
1005	2342865
1006	2395799
1007	2335232
1008	2374715
1009	2379504
1010	2248439
1011	2400426
1012	2255257
1013	2355438
1014	2345554
1015	2313666
1016	2319889
1017	2380651
1018	2377676
1019	2384270
1020	2287118
1021	2346212
1022	2327025
1023	2331086
1024	2247714
1025	2289208
1026	2304368
1027	2312413
1028	2423113
1029	2271589
1030	2330197
1031	2363143
1032	2349502
1033	2360660
1034	2330035
1035	2381280
1036	2363493
1037	2311665
1038	2377403
1039	2240745
1040	2275002
1041	2418606
1042	2397639
1043	2392667
1044	2328170
1045	2331261
1046	2253511
1047	2334302
1048	2418380
1049	2260763
1050	2283465
1051	2410558
1052	2347102
1053	2371134
1054	2362817
1055	2261202
1056	2330091
1057	2323365
1058	2377006
1059	2279083
1060	2318120
1061	2327061
1062	2291811
1063	2284103
1064	2345582
1065	2245270
1066	2313029
1067	2335362
1068	2185621
1069	2311800
1070	2329947
1071	2313425
1072	2240397
1073	2325976
1074	2310170
1075	2374867
1076	2380723
1077	2284892
1078	2432753
1079	2260384
1080	2342163
1081	2379665
1082	2317032
1083	2347184
1084	2297606
1085	2370960
1086	2402486
1087	2326477
1088	2327857
1089	2337937
1090	2356741
1091	2283258
1092	2346568
1093	2368887
1094	2280378
1095	2411021
1096	2393476
1097	2268660
1098	2301566
1099	2339022
1100	2374629
1101	2288487
1102	2285106
1103	2321169
1104	2327036
1105	2295759
1106	2371073
1107	2378208
1108	2365251
1109	2342702
1110	2355652
1111	2344835
1112	2342284
1113	2361336
1114	2371916
1115	2359020
1116	2334468
1117	2306671
1118	2278929
1119	2339634
1120	2331749
1121	2312291
1122	2333493
1123	2338123
1124	2312217
1125	2409624
1126	2362828
1127	2328122
1128	2400858
1129	2306689
1130	2344771
1131	2287663
1132	2280357
1133	2409955
1134	2328101
1135	2197789
1136	2190125
1137	2291425
1138	2333425
1139	2316056
1140	2350778
1141	2366306
1142	2250662
1143	2284366
1144	2316637
1145	2294093
1146	2382942
1147	2272106
1148	2334938
1149	2267936
1150	2318606
1151	2431106
1152	2266563
1153	2419715
1154	2325901
1155	2355177
1156	2317093
1157	2334803
1158	2305741
1159	2300695
1160	2404930
1161	2323890
1162	2367302
1163	2302888
1164	2359977
1165	2288244
1166	2247634
1167	2403074
1168	2339441
1169	2338823
1170	2331190
1171	2428254
1172	2355279
1173	2365607
1174	2336475
1175	2330305
1176	2337386
1177	2286102
1178	2337735
1179	2360715
1180	2395483
1181	2312580
1182	2318582
1183	2306990
1184	2379057
1185	2344499
1186	2406012
1187	2289207
1188	2346582
1189	2378219
1190	2335342
1191	2348098
1192	2399873
1193	2346261
1194	2364502
1195	2300745
1196	2346313
1197	2282872
1198	2319056
1199	2355421
1200	2292089
1201	2335757
1202	2276520
1203	2433658
1204	2399429
1205	2315304
1206	2387719
1207	2410397
1208	2363402
1209	2396283
1210	2222257
1211	2372901
1212	2308688
1213	2313665
1214	2395128
1215	2327618
1216	2283005
1217	2286764
1218	2278261
1219	2337372
1220	2318254
1221	2252233
1222	2234222
1223	2365642
1224	2366220
1225	2358870
1226	2306298
1227	2476278
1228	2341925
1229	2386149
1230	2408396
1231	2284050
1232	2349241
1233	2272436
1234	2328099
1235	2327911
1236	2336696
1237	2358217
1238	2195476
1239	2386386
1240	2293609
1241	2296716
1242	2292813
1243	2362990
1244	2388500
1245	2401421
1246	2353187
1247	2286380
1248	2341325
1249	2349872
1250	2293123
1251	2292465
1252	2396213
1253	2348385
1254	2285616
1255	2330024
1256	2360844
1257	2284735
1258	2315247
1259	2346789
1260	2343331
1261	2380427
1262	2331705
1263	2247607
1264	2342250
1265	2375626
1266	2286226
1267	2371071
1268	2319528
1269	2343020
1270	2235354
1271	2415142
1272	2380736
1273	2289930
1274	2416153
1275	2354896
1276	2300579
1277	2315120
1278	2318248
1279	2278783
1280	2372515
1281	2382763
1282	2418108
1283	2276004
1284	2284890
1285	2339713
1286	2289774
1287	2284622
1288	2398613
1289	2339893
1290	2328701
1291	2334931
1292	2389846
1293	2257058
1294	2337104
1295	2441978
1296	2266072
1297	2302950
1298	2316864
1299	2261292
1300	2298657
1301	2285079
1302	2390131
1303	2354919
1304	2352623
1305	2360237
1306	2174792
1307	2297442
1308	2196853
1309	2265847
1310	2360361
1311	2407807
1312	2303902
1313	2316543
1314	2281994
1315	2347844
1316	2253516
1317	2309850
1318	2282235
1319	2301860
1320	2278055
1321	2340449
1322	2281462
1323	2370011
1324	2326450
1325	2442028
1326	2286194
1327	2355518
1328	2234215
1329	2440228
1330	2265225
1331	2361131
1332	2350531
1333	2349790
1334	2346917
1335	2372895
1336	2425448
1337	2399867
1338	2309371
1339	2230105
1340	2348107
1341	2343868
1342	2422120
1343	2331621
1344	2342711
1345	2281270
1346	2326819
1347	2405187
1348	2337297
1349	2321429
1350	2270922
1351	2252849
1352	2319641
1353	2406572
1354	2304266
1355	2368662
1356	2251172
1357	2387944
1358	2339414
1359	2307674
1360	2335632
1361	2377632
1362	2342343
1363	2255820
1364	2253912
1365	2227990
1366	2385565
1367	2355023
1368	2287794
1369	2368670
1370	2371648
1371	2288461
1372	2271331
1373	2378750
1374	2411245
1375	2266581
1376	2308600
1377	2321857
1378	2285869
1379	2333042
1380	2185439
1381	2238515
1382	2322860
1383	2308568
1384	2356968
1385	2296744
1386	2289191
1387	2264605
1388	2389906
1389	2356789
1390	2352078
1391	2360029
1392	2370714
1393	2294796
1394	2334439
1395	2382012
1396	2273594
1397	2272352
1398	2310937
1399	2265408
1400	2346075
1401	2330642
1402	2378158
1403	2348543
1404	2288073
1405	2340107
1406	2377013
1407	2363528
1408	2367589
1409	2340765
1410	2349441
1411	2333753
1412	2294600
1413	2408952
1414	2235163
1415	2320153
1416	2358377
1417	2346521
1418	2345065
1419	2378828
1420	2395813
1421	2434649
1422	2287196
1423	2377481
1424	2353707
1425	2361441
1426	2357251
1427	2327805
1428	2321416
1429	2339526
1430	2318979
1431	2279033
1432	2205280
1433	2187231
1434	2334778
1435	2241005
1436	2368161
1437	2289855
1438	2452078
1439	2236004
1440	2181970
1441	2348530
1442	2309495
1443	2356659
1444	2308543
1445	2347264
1446	2272039
1447	2402534
1448	2330405
1449	2316357
1450	2328724
1451	2262440
1452	2306105
1453	2281947
1454	2335969
1455	2378006
1456	2366514
1457	2329921
1458	2332928
1459	2334760
1460	2348142
1461	2278506
1462	2408799
1463	2296716
1464	2302621
1465	2403148
1466	2293341
1467	2422878
1468	2243055
1469	2399896
1470	2273729
1471	2382266
1472	2297101
1473	2346067
1474	2330724
1475	2185266
1476	2353437
1477	2237614
1478	2379372
1479	2316379
1480	2318261
1481	2236968
1482	2360226
1483	2352779
1484	2373144
1485	2418947
1486	2331661
1487	2400479
1488	2198780
1489	2258258
1490	2428784
1491	2263660
1492	2348504
1493	2336246
1494	2394895
1495	2245470
1496	2408801
1497	2351256
1498	2426021
1499	2393645
1500	2303251
1501	2227014
1502	2366920
1503	2286867
1504	2368380
1505	2359811
1506	2365242
1507	2404081
1508	2343863
1509	2387607
1510	2363166
1511	2284874
1512	2298076
1513	2317738
1514	2416444
1515	2235096
1516	2385648
1517	2345264
1518	2323899
1519	2282478
1520	2378308
1521	2369721
1522	2310323
1523	2378904
1524	2374785
1525	2278748
1526	2311996
1527	2306107
1528	2300271
1529	2301010
1530	2395304
1531	2331962
1532	2271904
1533	2259295
1534	2336383
1535	2307112
1536	2325957
1537	2341995
1538	2381700
1539	2300437
1540	2265764
1541	2266251
1542	2290680
1543	2275584
1544	2310161
1545	2364397
1546	2378827
1547	2387602
1548	2414909
1549	2316541
1550	2394255
1551	2327796
1552	2284211
1553	2385116
1554	2359647
1555	2343023
1556	2297262
1557	2359457
1558	2276549
1559	2184441
1560	2271299
1561	2373239
1562	2392951
1563	2272875
1564	2296542
1565	2326354
1566	2391653
1567	2301340
1568	2350059
1569	2317549
1570	2355373
1571	2313074
1572	2300390
1573	2281219
1574	2363036
1575	2400476
1576	2377829
1577	2364608
1578	2290030
1579	2286825
1580	2398771
1581	2389538
1582	2369647
1583	2384021
1584	2278212
1585	2385893
1586	2374474
1587	2350772
1588	2264808
1589	2426935
1590	2300999
1591	2353742
1592	2374312
1593	2267901
1594	2374697
1595	2386924
1596	2345747
1597	2348612
1598	2265058
1599	2383921
1600	2296544
1601	2402338
1602	2318834
1603	2317957
1604	2393223
1605	2316658
1606	2373684
1607	2298829
1608	2429446
1609	2234996
1610	2361269
1611	2280979
1612	2395227
1613	2409271
1614	2329641
1615	2414169
1616	2281652
1617	2342239
1618	2342787
1619	2396378
1620	2370898
1621	2435688
1622	2354824
1623	2314617
1624	2460116
1625	2337238
1626	2313123
1627	2327841
1628	2322380
1629	2255976
1630	2345992
1631	2295707
1632	2324908
1633	2296068
1634	2267973
1635	2386721
1636	2305531
1637	2392555
1638	2347537
1639	2344469
1640	2298601
1641	2326807
1642	2348771
1643	2248614
1644	2242549
1645	2322931
1646	2357031
1647	2395369
1648	2277338
1649	2366450
1650	2371503
1651	2252006
1652	2257971
1653	2274283
1654	2367616
1655	2399000
1656	2304585
1657	2354150
1658	2390029
1659	2273131
1660	2333531
1661	2335392
1662	2354315
1663	2386747
1664	2321468
1665	2316144
1666	2332231
1667	2341012
1668	2300991
1669	2392707
1670	2259687
1671	2297871
1672	2338084
1673	2296808
1674	2301110
1675	2300152
1676	2302534
1677	2432318
1678	2313697
1679	2297701
1680	2316506
1681	2356830
1682	2254362
1683	2359081
1684	2386702
1685	2319168
1686	2308775
1687	2355953
1688	2244249
1689	2259300
1690	2390843
1691	2318938
1692	2377002
1693	2343604
1694	2240355
1695	2294101
1696	2280522
1697	2349982
1698	2440858
1699	2256720
1700	2375419
1701	2226512
1702	2321345
1703	2340375
1704	2386106
1705	2248283
1706	2310186
1707	2296703
1708	2312325
1709	2321209
1710	2375941
1711	2320958
1712	2254616
1713	2365270
1714	2288377
1715	2326407
1716	2363923
1717	2334698
1718	2352870
1719	2398144
1720	2365258
1721	2253621
1722	2463351
1723	2345045
1724	2359394
1725	2355451
1726	2321713
1727	2398606
1728	2305902
1729	2358055
1730	2290947
1731	2328957
1732	2303553
1733	2300461
1734	2298057
1735	2317810
1736	2311811
1737	2363451
1738	2369503
1739	2434063
1740	2261281
1741	2265465
1742	2282858
1743	2284801
1744	2359477
1745	2285362
1746	2392596
1747	2272127
1748	2435591
1749	2323186
1750	2351927
1751	2343204
1752	2288795
1753	2334065
1754	2430291
1755	2239791
1756	2367304
1757	2257038
1758	2363331
1759	2418343
1760	2250255
1761	2330043
1762	2297436
1763	2273386
1764	2321093
1765	2327912
1766	2396459
1767	2296725
1768	2390472
1769	2330714
1770	2264939
1771	2326767
1772	2350312
1773	2243732
1774	2382513
1775	2293422
1776	2345393
1777	2338631
1778	2363795
1779	2444375
1780	2395447
1781	2307252
1782	2419996
1783	2390354
1784	2383274
1785	2308139
1786	2355584
1787	2360418
1788	2427254
1789	2303684
1790	2319257
1791	2351927
1792	2250588
1793	2368203
1794	2297142
1795	2454052
1796	2300654
1797	2363458
1798	2322108
1799	2298928
1800	2376372
1801	2328681
1802	2330593
1803	2372445
1804	2386154
1805	2374859
1806	2314160
1807	2314313
1808	2360678
1809	2297203
1810	2326086
1811	2359465
1812	2319682
1813	2390983
1814	2353792
1815	2213666
1816	2210631
1817	2360278
1818	2309564
1819	2313684
1820	2299406
1821	2346670
1822	2272694
1823	2384430
1824	2345191
1825	2317785
1826	2294990
1827	2289883
1828	2299105
1829	2317847
1830	2433274
1831	2376810
1832	2379824
1833	2394112
1834	2355696
1835	2325638
1836	2300013
1837	2325372
1838	2324064
1839	2247892
1840	2421626
1841	2274572
1842	2370482
1843	2338037
1844	2321034
1845	2312253
1846	2359545
1847	2397143
1848	2321253
1849	2452379
1850	2272993
1851	2417255
1852	2324914
1853	2244160
1854	2315730
1855	2355981
1856	2371435
1857	2394050
1858	2317098
1859	2412767
1860	2278134
1861	2396432
1862	2340213
1863	2424329
1864	2321276
1865	2401203
1866	2333627
1867	2258718
1868	2325569
1869	2299446
1870	2384380
1871	2316801
1872	2335702
1873	2345943
1874	2396009
1875	2278259
1876	2375136
1877	2209560
1878	2370968
1879	2308225
1880	2256875
1881	2377463
1882	2236739
1883	2389508
1884	2298723
1885	2277024
1886	2326263
1887	2344459
1888	2326739
1889	2382992
1890	2357474
1891	2377953
1892	2367318
1893	2351039
1894	2372297
1895	2372222
1896	2372366
1897	2374363
1898	2310758
1899	2297906
1900	2278765
1901	2355331
1902	2334160
1903	2373907
1904	2330870
1905	2347003
1906	2307366
1907	2356943
1908	2291113
1909	2392483
1910	2330291
1911	2270422
1912	2305201
1913	2402610
1914	2330146
1915	2345026
1916	2363445
1917	2353566
1918	2331502
1919	2270583
1920	2264188
1921	2372201
1922	2441370
1923	2336645
1924	2328746
1925	2246238
1926	2371266
1927	2366450
1928	2381466
1929	2336707
1930	2333144
1931	2347557
1932	2383846
1933	2386269
1934	2335939
1935	2347770
1936	2318108
1937	2375524
1938	2336451
1939	2367741
1940	2260504
1941	2321098
1942	2325918
1943	2285652
1944	2330377
1945	2282905
1946	2379803
1947	2318634
1948	2437053
1949	2340107
1950	2332363
1951	2339317
1952	2427249
1953	2341587
1954	2386343
1955	2413180
1956	2310645
1957	2326072
1958	2385062
1959	2261704
1960	2263882
1961	2308255
1962	2246454
1963	2312217
1964	2313663
1965	2319226
1966	2156062
1967	2309807
1968	2231272
1969	2330285
1970	2291525
1971	2339335
1972	2332943
1973	2324893
1974	2357980
1975	2377546
1976	2341347
1977	2277813
1978	2341800
1979	2387982
1980	2343478
1981	2308400
1982	2269983
1983	2333909
1984	2302531
1985	2289255
1986	2291514
1987	2376863
1988	2334445
1989	2343065
1990	2313031
1991	2391797
1992	2293935
1993	2405784
1994	2263583
1995	2268612
1996	2272020
1997	2399944
1998	2310967
1999	2285231
