10.0 25.695652 
10.8 48.08 
16.789474 60.526318 
20.333334 96.53333 
21.28 82.16 
26.352942 10.333333 
30.96875 67.46875 
31.032259 49.0 
32.0 29.52381 
35.5 93.916664 
36.789474 82.73684 
47.814816 74.666664 
5.2 38.16 
5.28 67.64 
5.7777777 88.85185 
5.8461537 15.461538 
51.372547 9.411765 
52.52174 40.891304 
53.551723 58.827587 
59.833332 92.11905 
68.19149 27.978724 
69.70731 75.31707 
7.2941175 4.647059 
73.875 51.104168 
75.675674 9.405405 
86.63415 93.82927 
89.87037 27.12963 
91.432434 48.648647 
91.63265 70.38776 
93.52 7.04 
