2	0 0 296310
2	0 1 309985
2	0 10 11437
2	0 100 12674
2	0 101 12255
2	0 102 12201
2	0 103 12075
2	0 104 11924
2	0 105 11666
2	0 106 12290
2	0 107 12187
2	0 108 13247
2	0 109 12025
2	0 11 12613
2	0 110 12498
2	0 111 11451
2	0 112 11967
2	0 113 11602
2	0 114 12251
2	0 115 12642
2	0 116 12514
2	0 117 12426
2	0 118 12668
2	0 119 12337
2	0 12 11916
2	0 120 12062
2	0 121 12150
2	0 122 12272
2	0 123 12037
2	0 124 12030
2	0 125 11988
2	0 126 12426
2	0 127 12329
2	0 128 12636
2	0 129 11899
2	0 13 12081
2	0 130 11581
2	0 131 11995
2	0 132 12163
2	0 133 12628
2	0 134 12242
2	0 135 12534
2	0 136 12149
2	0 137 12372
2	0 138 12703
2	0 139 12468
2	0 14 12268
2	0 140 12411
2	0 141 12746
2	0 142 12357
2	0 143 12175
2	0 144 12426
2	0 145 12286
2	0 146 12377
2	0 147 12530
2	0 148 11929
2	0 149 12664
2	0 15 11896
2	0 150 12423
2	0 151 11839
2	0 152 12910
2	0 153 12240
2	0 154 11947
2	0 155 12808
2	0 156 12103
2	0 157 11411
2	0 158 12633
2	0 159 11992
2	0 16 11949
2	0 160 12154
2	0 161 12007
2	0 162 12377
2	0 163 12284
2	0 164 12278
2	0 165 12648
2	0 166 11668
2	0 167 12896
2	0 168 11615
2	0 169 12815
2	0 17 12501
2	0 170 12111
2	0 171 12084
2	0 172 12037
2	0 173 12269
2	0 174 12025
2	0 175 12383
2	0 176 11893
2	0 177 11838
2	0 178 11973
2	0 179 12105
2	0 18 12574
2	0 180 12563
2	0 181 12293
2	0 182 11784
2	0 183 11719
2	0 184 11650
2	0 185 12626
2	0 186 11893
2	0 187 12375
2	0 188 12690
2	0 189 12623
2	0 19 12402
2	0 190 12295
2	0 191 12423
2	0 192 11990
2	0 193 11666
2	0 194 12112
2	0 195 12552
2	0 196 11319
2	0 197 12120
2	0 198 12589
2	0 199 12285
2	0 2 312048
2	0 20 12333
2	0 200 12302
2	0 201 12535
2	0 202 12510
2	0 203 12227
2	0 204 12070
2	0 205 12636
2	0 206 12213
2	0 207 12202
2	0 208 11767
2	0 209 12265
2	0 21 12185
2	0 210 12772
2	0 211 12255
2	0 212 12640
2	0 213 11333
2	0 214 12392
2	0 215 13266
2	0 216 12763
2	0 217 12556
2	0 218 12505
2	0 219 12955
2	0 22 12293
2	0 220 12501
2	0 221 12269
2	0 222 12586
2	0 223 11901
2	0 224 12133
2	0 225 12284
2	0 226 12194
2	0 227 12472
2	0 228 12279
2	0 229 12263
2	0 23 12015
2	0 230 12166
2	0 231 12040
2	0 232 12611
2	0 233 11921
2	0 234 12340
2	0 235 12577
2	0 236 12374
2	0 237 11823
2	0 238 12339
2	0 239 12447
2	0 24 11482
2	0 240 12571
2	0 241 11850
2	0 242 12561
2	0 243 12638
2	0 244 12795
2	0 245 11639
2	0 246 11988
2	0 247 12141
2	0 248 12262
2	0 249 12106
2	0 25 11664
2	0 250 12436
2	0 251 12319
2	0 252 11861
2	0 253 11898
2	0 254 12608
2	0 255 12485
2	0 256 12190
2	0 257 12205
2	0 258 12037
2	0 259 12224
2	0 26 12010
2	0 260 12498
2	0 261 11682
2	0 262 12058
2	0 263 11868
2	0 264 12400
2	0 265 12295
2	0 266 13153
2	0 267 12466
2	0 268 12352
2	0 269 12256
2	0 27 12037
2	0 270 11482
2	0 271 12246
2	0 272 12007
2	0 273 12702
2	0 274 12270
2	0 275 12352
2	0 276 12354
2	0 277 11850
2	0 278 11951
2	0 279 12442
2	0 28 12446
2	0 280 11993
2	0 281 12093
2	0 282 12402
2	0 283 12084
2	0 284 11626
2	0 285 12477
2	0 286 12114
2	0 287 12297
2	0 288 12692
2	0 289 12349
2	0 29 12870
2	0 290 12376
2	0 291 12237
2	0 292 12328
2	0 293 12362
2	0 294 12210
2	0 295 11594
2	0 296 12027
2	0 297 12438
2	0 298 12327
2	0 299 12120
2	0 3 303031
2	0 30 12316
2	0 300 12230
2	0 301 12019
2	0 302 12114
2	0 303 12317
2	0 304 12777
2	0 305 12642
2	0 306 11711
2	0 307 12348
2	0 308 12730
2	0 309 11993
2	0 31 11962
2	0 310 12382
2	0 311 12086
2	0 312 12302
2	0 313 12698
2	0 314 11947
2	0 315 12687
2	0 316 12236
2	0 317 11581
2	0 318 12281
2	0 319 12178
2	0 32 12403
2	0 320 12171
2	0 321 11498
2	0 322 11989
2	0 323 13043
2	0 324 11629
2	0 325 11758
2	0 326 12215
2	0 327 12244
2	0 328 12154
2	0 329 12082
2	0 33 11906
2	0 330 12619
2	0 331 12521
2	0 332 11833
2	0 333 12348
2	0 334 12100
2	0 335 11931
2	0 336 12553
2	0 337 12493
2	0 338 12680
2	0 339 12520
2	0 34 11912
2	0 340 12514
2	0 341 12775
2	0 342 11982
2	0 343 12431
2	0 344 12186
2	0 345 12400
2	0 346 12424
2	0 347 11974
2	0 348 12285
2	0 349 12160
2	0 35 12282
2	0 350 12113
2	0 351 12132
2	0 352 12085
2	0 353 11934
2	0 354 12434
2	0 355 12334
2	0 356 12324
2	0 357 12164
2	0 358 12681
2	0 359 11706
2	0 36 12069
2	0 360 12177
2	0 361 12975
2	0 362 12147
2	0 363 11901
2	0 364 12043
2	0 365 11756
2	0 366 12701
2	0 367 11482
2	0 368 11845
2	0 369 12201
2	0 37 11995
2	0 370 12937
2	0 371 11836
2	0 372 12164
2	0 373 11772
2	0 374 11896
2	0 375 12419
2	0 376 12470
2	0 377 11777
2	0 378 12521
2	0 379 11879
2	0 38 11972
2	0 380 12124
2	0 381 12792
2	0 382 12007
2	0 383 12725
2	0 384 12414
2	0 385 11914
2	0 386 12921
2	0 387 11894
2	0 388 11867
2	0 389 12521
2	0 39 12629
2	0 390 12363
2	0 391 11678
2	0 392 12555
2	0 393 12210
2	0 394 12390
2	0 395 11385
2	0 396 12466
2	0 397 12143
2	0 398 12084
2	0 399 12223
2	0 4 295458
2	0 40 12102
2	0 400 11445
2	0 401 12589
2	0 402 11879
2	0 403 12109
2	0 404 12875
2	0 405 11562
2	0 406 12426
2	0 407 13090
2	0 408 12340
2	0 409 12578
2	0 41 12256
2	0 410 12230
2	0 411 12609
2	0 412 12350
2	0 413 11611
2	0 414 12726
2	0 415 12295
2	0 416 12051
2	0 417 11966
2	0 418 12175
2	0 419 12368
2	0 42 12311
2	0 420 11824
2	0 421 12063
2	0 422 12091
2	0 423 12273
2	0 424 12097
2	0 425 12011
2	0 426 11889
2	0 427 12364
2	0 428 12838
2	0 429 11408
2	0 43 12257
2	0 430 12428
2	0 431 12435
2	0 432 12031
2	0 433 12631
2	0 434 12382
2	0 435 11904
2	0 436 12564
2	0 437 12098
2	0 438 12615
2	0 439 12495
2	0 44 12536
2	0 440 12334
2	0 441 12789
2	0 442 12505
2	0 443 11795
2	0 444 12143
2	0 445 11842
2	0 446 12145
2	0 447 12399
2	0 448 12175
2	0 449 12340
2	0 45 12919
2	0 450 12332
2	0 451 12191
2	0 452 12266
2	0 453 12567
2	0 454 11846
2	0 455 12642
2	0 456 12596
2	0 457 12506
2	0 458 11706
2	0 459 12062
2	0 46 11669
2	0 460 12485
2	0 461 11713
2	0 462 12353
2	0 463 12069
2	0 464 12443
2	0 465 12095
2	0 466 13025
2	0 467 12072
2	0 468 12880
2	0 469 12043
2	0 47 11868
2	0 470 12550
2	0 471 11963
2	0 472 11998
2	0 473 12215
2	0 474 12086
2	0 475 12503
2	0 476 12816
2	0 477 12541
2	0 478 12214
2	0 479 12310
2	0 48 12346
2	0 480 12623
2	0 481 12845
2	0 482 12028
2	0 483 12340
2	0 484 12231
2	0 485 12049
2	0 486 11860
2	0 487 12458
2	0 488 12177
2	0 489 12840
2	0 49 12019
2	0 490 12051
2	0 491 12603
2	0 492 12042
2	0 493 12302
2	0 494 11925
2	0 495 11964
2	0 496 12965
2	0 497 12079
2	0 498 12248
2	0 499 12197
2	0 5 12485
2	0 50 13128
2	0 51 11769
2	0 52 12029
2	0 53 12345
2	0 54 11932
2	0 55 12428
2	0 56 11939
2	0 57 12007
2	0 58 12357
2	0 59 12415
2	0 6 12166
2	0 60 12427
2	0 61 12403
2	0 62 12124
2	0 63 12261
2	0 64 12629
2	0 65 11980
2	0 66 11862
2	0 67 12106
2	0 68 12116
2	0 69 13023
2	0 7 13228
2	0 70 12183
2	0 71 13005
2	0 72 11929
2	0 73 12087
2	0 74 12441
2	0 75 12706
2	0 76 12098
2	0 77 12938
2	0 78 12276
2	0 79 12860
2	0 8 11699
2	0 80 11753
2	0 81 12543
2	0 82 12196
2	0 83 12545
2	0 84 11948
2	0 85 12503
2	0 86 12328
2	0 87 12256
2	0 88 12072
2	0 89 11884
2	0 9 12291
2	0 90 12343
2	0 91 12261
2	0 92 12083
2	0 93 12053
2	0 94 12459
2	0 95 12538
2	0 96 11724
2	0 97 12422
2	0 98 12234
2	0 99 11957
2	1 0 305726
2	1 1 298322
2	1 10 11437
2	1 100 12674
2	1 101 12255
2	1 102 12201
2	1 103 12075
2	1 104 11924
2	1 105 11666
2	1 106 12290
2	1 107 12187
2	1 108 13247
2	1 109 12025
2	1 11 12613
2	1 110 12498
2	1 111 11451
2	1 112 11967
2	1 113 11602
2	1 114 12251
2	1 115 12642
2	1 116 12514
2	1 117 12426
2	1 118 12668
2	1 119 12337
2	1 12 11916
2	1 120 12062
2	1 121 12150
2	1 122 12272
2	1 123 12037
2	1 124 12030
2	1 125 11988
2	1 126 12426
2	1 127 12329
2	1 128 12636
2	1 129 11899
2	1 13 12081
2	1 130 11581
2	1 131 11995
2	1 132 12163
2	1 133 12628
2	1 134 12242
2	1 135 12534
2	1 136 12149
2	1 137 12372
2	1 138 12703
2	1 139 12468
2	1 14 12268
2	1 140 12411
2	1 141 12746
2	1 142 12357
2	1 143 12175
2	1 144 12426
2	1 145 12286
2	1 146 12377
2	1 147 12530
2	1 148 11929
2	1 149 12664
2	1 15 11896
2	1 150 12423
2	1 151 11839
2	1 152 12910
2	1 153 12240
2	1 154 11947
2	1 155 12808
2	1 156 12103
2	1 157 11411
2	1 158 12633
2	1 159 11992
2	1 16 11949
2	1 160 12154
2	1 161 12007
2	1 162 12377
2	1 163 12284
2	1 164 12278
2	1 165 12648
2	1 166 11668
2	1 167 12896
2	1 168 11615
2	1 169 12815
2	1 17 12501
2	1 170 12111
2	1 171 12084
2	1 172 12037
2	1 173 12269
2	1 174 12025
2	1 175 12383
2	1 176 11893
2	1 177 11838
2	1 178 11973
2	1 179 12105
2	1 18 12574
2	1 180 12563
2	1 181 12293
2	1 182 11784
2	1 183 11719
2	1 184 11650
2	1 185 12626
2	1 186 11893
2	1 187 12375
2	1 188 12690
2	1 189 12623
2	1 19 12402
2	1 190 12295
2	1 191 12423
2	1 192 11990
2	1 193 11666
2	1 194 12112
2	1 195 12552
2	1 196 11319
2	1 197 12120
2	1 198 12589
2	1 199 12285
2	1 2 310778
2	1 20 12333
2	1 200 12302
2	1 201 12535
2	1 202 12510
2	1 203 12227
2	1 204 12070
2	1 205 12636
2	1 206 12213
2	1 207 12202
2	1 208 11767
2	1 209 12265
2	1 21 12185
2	1 210 12772
2	1 211 12255
2	1 212 12640
2	1 213 11333
2	1 214 12392
2	1 215 13266
2	1 216 12763
2	1 217 12556
2	1 218 12505
2	1 219 12955
2	1 22 12293
2	1 220 12501
2	1 221 12269
2	1 222 12586
2	1 223 11901
2	1 224 12133
2	1 225 12284
2	1 226 12194
2	1 227 12472
2	1 228 12279
2	1 229 12263
2	1 23 12015
2	1 230 12166
2	1 231 12040
2	1 232 12611
2	1 233 11921
2	1 234 12340
2	1 235 12577
2	1 236 12374
2	1 237 11823
2	1 238 12339
2	1 239 12447
2	1 24 11482
2	1 240 12571
2	1 241 11850
2	1 242 12561
2	1 243 12638
2	1 244 12795
2	1 245 11639
2	1 246 11988
2	1 247 12141
2	1 248 12262
2	1 249 12106
2	1 25 11664
2	1 250 12436
2	1 251 12319
2	1 252 11861
2	1 253 11898
2	1 254 12608
2	1 255 12485
2	1 256 12190
2	1 257 12205
2	1 258 12037
2	1 259 12224
2	1 26 12010
2	1 260 12498
2	1 261 11682
2	1 262 12058
2	1 263 11868
2	1 264 12400
2	1 265 12295
2	1 266 13153
2	1 267 12466
2	1 268 12352
2	1 269 12256
2	1 27 12037
2	1 270 11482
2	1 271 12246
2	1 272 12007
2	1 273 12702
2	1 274 12270
2	1 275 12352
2	1 276 12354
2	1 277 11850
2	1 278 11951
2	1 279 12442
2	1 28 12446
2	1 280 11993
2	1 281 12093
2	1 282 12402
2	1 283 12084
2	1 284 11626
2	1 285 12477
2	1 286 12114
2	1 287 12297
2	1 288 12692
2	1 289 12349
2	1 29 12870
2	1 290 12376
2	1 291 12237
2	1 292 12328
2	1 293 12362
2	1 294 12210
2	1 295 11594
2	1 296 12027
2	1 297 12438
2	1 298 12327
2	1 299 12120
2	1 3 300506
2	1 30 12316
2	1 300 12230
2	1 301 12019
2	1 302 12114
2	1 303 12317
2	1 304 12777
2	1 305 12642
2	1 306 11711
2	1 307 12348
2	1 308 12730
2	1 309 11993
2	1 31 11962
2	1 310 12382
2	1 311 12086
2	1 312 12302
2	1 313 12698
2	1 314 11947
2	1 315 12687
2	1 316 12236
2	1 317 11581
2	1 318 12281
2	1 319 12178
2	1 32 12403
2	1 320 12171
2	1 321 11498
2	1 322 11989
2	1 323 13043
2	1 324 11629
2	1 325 11758
2	1 326 12215
2	1 327 12244
2	1 328 12154
2	1 329 12082
2	1 33 11906
2	1 330 12619
2	1 331 12521
2	1 332 11833
2	1 333 12348
2	1 334 12100
2	1 335 11931
2	1 336 12553
2	1 337 12493
2	1 338 12680
2	1 339 12520
2	1 34 11912
2	1 340 12514
2	1 341 12775
2	1 342 11982
2	1 343 12431
2	1 344 12186
2	1 345 12400
2	1 346 12424
2	1 347 11974
2	1 348 12285
2	1 349 12160
2	1 35 12282
2	1 350 12113
2	1 351 12132
2	1 352 12085
2	1 353 11934
2	1 354 12434
2	1 355 12334
2	1 356 12324
2	1 357 12164
2	1 358 12681
2	1 359 11706
2	1 36 12069
2	1 360 12177
2	1 361 12975
2	1 362 12147
2	1 363 11901
2	1 364 12043
2	1 365 11756
2	1 366 12701
2	1 367 11482
2	1 368 11845
2	1 369 12201
2	1 37 11995
2	1 370 12937
2	1 371 11836
2	1 372 12164
2	1 373 11772
2	1 374 11896
2	1 375 12419
2	1 376 12470
2	1 377 11777
2	1 378 12521
2	1 379 11879
2	1 38 11972
2	1 380 12124
2	1 381 12792
2	1 382 12007
2	1 383 12725
2	1 384 12414
2	1 385 11914
2	1 386 12921
2	1 387 11894
2	1 388 11867
2	1 389 12521
2	1 39 12629
2	1 390 12363
2	1 391 11678
2	1 392 12555
2	1 393 12210
2	1 394 12390
2	1 395 11385
2	1 396 12466
2	1 397 12143
2	1 398 12084
2	1 399 12223
2	1 4 293335
2	1 40 12102
2	1 400 11445
2	1 401 12589
2	1 402 11879
2	1 403 12109
2	1 404 12875
2	1 405 11562
2	1 406 12426
2	1 407 13090
2	1 408 12340
2	1 409 12578
2	1 41 12256
2	1 410 12230
2	1 411 12609
2	1 412 12350
2	1 413 11611
2	1 414 12726
2	1 415 12295
2	1 416 12051
2	1 417 11966
2	1 418 12175
2	1 419 12368
2	1 42 12311
2	1 420 11824
2	1 421 12063
2	1 422 12091
2	1 423 12273
2	1 424 12097
2	1 425 12011
2	1 426 11889
2	1 427 12364
2	1 428 12838
2	1 429 11408
2	1 43 12257
2	1 430 12428
2	1 431 12435
2	1 432 12031
2	1 433 12631
2	1 434 12382
2	1 435 11904
2	1 436 12564
2	1 437 12098
2	1 438 12615
2	1 439 12495
2	1 44 12536
2	1 440 12334
2	1 441 12789
2	1 442 12505
2	1 443 11795
2	1 444 12143
2	1 445 11842
2	1 446 12145
2	1 447 12399
2	1 448 12175
2	1 449 12340
2	1 45 12919
2	1 450 12332
2	1 451 12191
2	1 452 12266
2	1 453 12567
2	1 454 11846
2	1 455 12642
2	1 456 12596
2	1 457 12506
2	1 458 11706
2	1 459 12062
2	1 46 11669
2	1 460 12485
2	1 461 11713
2	1 462 12353
2	1 463 12069
2	1 464 12443
2	1 465 12095
2	1 466 13025
2	1 467 12072
2	1 468 12880
2	1 469 12043
2	1 47 11868
2	1 470 12550
2	1 471 11963
2	1 472 11998
2	1 473 12215
2	1 474 12086
2	1 475 12503
2	1 476 12816
2	1 477 12541
2	1 478 12214
2	1 479 12310
2	1 48 12346
2	1 480 12623
2	1 481 12845
2	1 482 12028
2	1 483 12340
2	1 484 12231
2	1 485 12049
2	1 486 11860
2	1 487 12458
2	1 488 12177
2	1 489 12840
2	1 49 12019
2	1 490 12051
2	1 491 12603
2	1 492 12042
2	1 493 12302
2	1 494 11925
2	1 495 11964
2	1 496 12965
2	1 497 12079
2	1 498 12248
2	1 499 12197
2	1 5 12485
2	1 50 13128
2	1 51 11769
2	1 52 12029
2	1 53 12345
2	1 54 11932
2	1 55 12428
2	1 56 11939
2	1 57 12007
2	1 58 12357
2	1 59 12415
2	1 6 12166
2	1 60 12427
2	1 61 12403
2	1 62 12124
2	1 63 12261
2	1 64 12629
2	1 65 11980
2	1 66 11862
2	1 67 12106
2	1 68 12116
2	1 69 13023
2	1 7 13228
2	1 70 12183
2	1 71 13005
2	1 72 11929
2	1 73 12087
2	1 74 12441
2	1 75 12706
2	1 76 12098
2	1 77 12938
2	1 78 12276
2	1 79 12860
2	1 8 11699
2	1 80 11753
2	1 81 12543
2	1 82 12196
2	1 83 12545
2	1 84 11948
2	1 85 12503
2	1 86 12328
2	1 87 12256
2	1 88 12072
2	1 89 11884
2	1 9 12291
2	1 90 12343
2	1 91 12261
2	1 92 12083
2	1 93 12053
2	1 94 12459
2	1 95 12538
2	1 96 11724
2	1 97 12422
2	1 98 12234
2	1 99 11957
2	10 0 11773
2	10 1 11773
2	10 2 11773
2	10 3 11773
2	10 4 11773
2	100 0 12419
2	100 1 12419
2	100 2 12419
2	100 3 12419
2	100 4 12419
2	101 0 12508
2	101 1 12508
2	101 2 12508
2	101 3 12508
2	101 4 12508
2	102 0 12358
2	102 1 12358
2	102 2 12358
2	102 3 12358
2	102 4 12358
2	103 0 11686
2	103 1 11686
2	103 2 11686
2	103 3 11686
2	103 4 11686
2	104 0 12082
2	104 1 12082
2	104 2 12082
2	104 3 12082
2	104 4 12082
2	105 0 12765
2	105 1 12765
2	105 2 12765
2	105 3 12765
2	105 4 12765
2	106 0 11944
2	106 1 11944
2	106 2 11944
2	106 3 11944
2	106 4 11944
2	107 0 12153
2	107 1 12153
2	107 2 12153
2	107 3 12153
2	107 4 12153
2	108 0 12499
2	108 1 12499
2	108 2 12499
2	108 3 12499
2	108 4 12499
2	109 0 12171
2	109 1 12171
2	109 2 12171
2	109 3 12171
2	109 4 12171
2	11 0 12973
2	11 1 12973
2	11 2 12973
2	11 3 12973
2	11 4 12973
2	110 0 12087
2	110 1 12087
2	110 2 12087
2	110 3 12087
2	110 4 12087
2	111 0 12487
2	111 1 12487
2	111 2 12487
2	111 3 12487
2	111 4 12487
2	112 0 13047
2	112 1 13047
2	112 2 13047
2	112 3 13047
2	112 4 13047
2	113 0 12436
2	113 1 12436
2	113 2 12436
2	113 3 12436
2	113 4 12436
2	114 0 11913
2	114 1 11913
2	114 2 11913
2	114 3 11913
2	114 4 11913
2	115 0 12270
2	115 1 12270
2	115 2 12270
2	115 3 12270
2	115 4 12270
2	116 0 11987
2	116 1 11987
2	116 2 11987
2	116 3 11987
2	116 4 11987
2	117 0 11547
2	117 1 11547
2	117 2 11547
2	117 3 11547
2	117 4 11547
2	118 0 11521
2	118 1 11521
2	118 2 11521
2	118 3 11521
2	118 4 11521
2	119 0 11840
2	119 1 11840
2	119 2 11840
2	119 3 11840
2	119 4 11840
2	12 0 12333
2	12 1 12333
2	12 2 12333
2	12 3 12333
2	12 4 12333
2	120 0 11741
2	120 1 11741
2	120 2 11741
2	120 3 11741
2	120 4 11741
2	121 0 12414
2	121 1 12414
2	121 2 12414
2	121 3 12414
2	121 4 12414
2	122 0 12581
2	122 1 12581
2	122 2 12581
2	122 3 12581
2	122 4 12581
2	123 0 12587
2	123 1 12587
2	123 2 12587
2	123 3 12587
2	123 4 12587
2	124 0 12530
2	124 1 12530
2	124 2 12530
2	124 3 12530
2	124 4 12530
2	125 0 12633
2	125 1 12633
2	125 2 12633
2	125 3 12633
2	125 4 12633
2	126 0 12167
2	126 1 12167
2	126 2 12167
2	126 3 12167
2	126 4 12167
2	127 0 11795
2	127 1 11795
2	127 2 11795
2	127 3 11795
2	127 4 11795
2	128 0 12554
2	128 1 12554
2	128 2 12554
2	128 3 12554
2	128 4 12554
2	129 0 12784
2	129 1 12784
2	129 2 12784
2	129 3 12784
2	129 4 12784
2	13 0 12535
2	13 1 12535
2	13 2 12535
2	13 3 12535
2	13 4 12535
2	130 0 11699
2	130 1 11699
2	130 2 11699
2	130 3 11699
2	130 4 11699
2	131 0 11647
2	131 1 11647
2	131 2 11647
2	131 3 11647
2	131 4 11647
2	132 0 12458
2	132 1 12458
2	132 2 12458
2	132 3 12458
2	132 4 12458
2	133 0 11742
2	133 1 11742
2	133 2 11742
2	133 3 11742
2	133 4 11742
2	134 0 12394
2	134 1 12394
2	134 2 12394
2	134 3 12394
2	134 4 12394
2	135 0 12290
2	135 1 12290
2	135 2 12290
2	135 3 12290
2	135 4 12290
2	136 0 12735
2	136 1 12735
2	136 2 12735
2	136 3 12735
2	136 4 12735
2	137 0 12390
2	137 1 12390
2	137 2 12390
2	137 3 12390
2	137 4 12390
2	138 0 12475
2	138 1 12475
2	138 2 12475
2	138 3 12475
2	138 4 12475
2	139 0 12206
2	139 1 12206
2	139 2 12206
2	139 3 12206
2	139 4 12206
2	14 0 12255
2	14 1 12255
2	14 2 12255
2	14 3 12255
2	14 4 12255
2	140 0 12166
2	140 1 12166
2	140 2 12166
2	140 3 12166
2	140 4 12166
2	141 0 12235
2	141 1 12235
2	141 2 12235
2	141 3 12235
2	141 4 12235
2	142 0 12071
2	142 1 12071
2	142 2 12071
2	142 3 12071
2	142 4 12071
2	143 0 12193
2	143 1 12193
2	143 2 12193
2	143 3 12193
2	143 4 12193
2	144 0 11676
2	144 1 11676
2	144 2 11676
2	144 3 11676
2	144 4 11676
2	145 0 12030
2	145 1 12030
2	145 2 12030
2	145 3 12030
2	145 4 12030
2	146 0 12418
2	146 1 12418
2	146 2 12418
2	146 3 12418
2	146 4 12418
2	147 0 12232
2	147 1 12232
2	147 2 12232
2	147 3 12232
2	147 4 12232
2	148 0 12922
2	148 1 12922
2	148 2 12922
2	148 3 12922
2	148 4 12922
2	149 0 11828
2	149 1 11828
2	149 2 11828
2	149 3 11828
2	149 4 11828
2	15 0 11702
2	15 1 11702
2	15 2 11702
2	15 3 11702
2	15 4 11702
2	150 0 12211
2	150 1 12211
2	150 2 12211
2	150 3 12211
2	150 4 12211
2	151 0 12221
2	151 1 12221
2	151 2 12221
2	151 3 12221
2	151 4 12221
2	152 0 12207
2	152 1 12207
2	152 2 12207
2	152 3 12207
2	152 4 12207
2	153 0 12105
2	153 1 12105
2	153 2 12105
2	153 3 12105
2	153 4 12105
2	154 0 12526
2	154 1 12526
2	154 2 12526
2	154 3 12526
2	154 4 12526
2	155 0 12146
2	155 1 12146
2	155 2 12146
2	155 3 12146
2	155 4 12146
2	156 0 12142
2	156 1 12142
2	156 2 12142
2	156 3 12142
2	156 4 12142
2	157 0 12145
2	157 1 12145
2	157 2 12145
2	157 3 12145
2	157 4 12145
2	158 0 11063
2	158 1 11063
2	158 2 11063
2	158 3 11063
2	158 4 11063
2	159 0 12705
2	159 1 12705
2	159 2 12705
2	159 3 12705
2	159 4 12705
2	16 0 12077
2	16 1 12077
2	16 2 12077
2	16 3 12077
2	16 4 12077
2	160 0 12432
2	160 1 12432
2	160 2 12432
2	160 3 12432
2	160 4 12432
2	161 0 12216
2	161 1 12216
2	161 2 12216
2	161 3 12216
2	161 4 12216
2	162 0 12025
2	162 1 12025
2	162 2 12025
2	162 3 12025
2	162 4 12025
2	163 0 12018
2	163 1 12018
2	163 2 12018
2	163 3 12018
2	163 4 12018
2	164 0 12480
2	164 1 12480
2	164 2 12480
2	164 3 12480
2	164 4 12480
2	165 0 11962
2	165 1 11962
2	165 2 11962
2	165 3 11962
2	165 4 11962
2	166 0 12338
2	166 1 12338
2	166 2 12338
2	166 3 12338
2	166 4 12338
2	167 0 12185
2	167 1 12185
2	167 2 12185
2	167 3 12185
2	167 4 12185
2	168 0 12231
2	168 1 12231
2	168 2 12231
2	168 3 12231
2	168 4 12231
2	169 0 12193
2	169 1 12193
2	169 2 12193
2	169 3 12193
2	169 4 12193
2	17 0 12276
2	17 1 12276
2	17 2 12276
2	17 3 12276
2	17 4 12276
2	170 0 11581
2	170 1 11581
2	170 2 11581
2	170 3 11581
2	170 4 11581
2	171 0 12290
2	171 1 12290
2	171 2 12290
2	171 3 12290
2	171 4 12290
2	172 0 12492
2	172 1 12492
2	172 2 12492
2	172 3 12492
2	172 4 12492
2	173 0 12897
2	173 1 12897
2	173 2 12897
2	173 3 12897
2	173 4 12897
2	174 0 11911
2	174 1 11911
2	174 2 11911
2	174 3 11911
2	174 4 11911
2	175 0 11936
2	175 1 11936
2	175 2 11936
2	175 3 11936
2	175 4 11936
2	176 0 11852
2	176 1 11852
2	176 2 11852
2	176 3 11852
2	176 4 11852
2	177 0 11852
2	177 1 11852
2	177 2 11852
2	177 3 11852
2	177 4 11852
2	178 0 12212
2	178 1 12212
2	178 2 12212
2	178 3 12212
2	178 4 12212
2	179 0 12107
2	179 1 12107
2	179 2 12107
2	179 3 12107
2	179 4 12107
2	18 0 12768
2	18 1 12768
2	18 2 12768
2	18 3 12768
2	18 4 12768
2	180 0 12292
2	180 1 12292
2	180 2 12292
2	180 3 12292
2	180 4 12292
2	181 0 12250
2	181 1 12250
2	181 2 12250
2	181 3 12250
2	181 4 12250
2	182 0 12374
2	182 1 12374
2	182 2 12374
2	182 3 12374
2	182 4 12374
2	183 0 12713
2	183 1 12713
2	183 2 12713
2	183 3 12713
2	183 4 12713
2	184 0 12263
2	184 1 12263
2	184 2 12263
2	184 3 12263
2	184 4 12263
2	185 0 12126
2	185 1 12126
2	185 2 12126
2	185 3 12126
2	185 4 12126
2	186 0 12382
2	186 1 12382
2	186 2 12382
2	186 3 12382
2	186 4 12382
2	187 0 12150
2	187 1 12150
2	187 2 12150
2	187 3 12150
2	187 4 12150
2	188 0 11631
2	188 1 11631
2	188 2 11631
2	188 3 11631
2	188 4 11631
2	189 0 11942
2	189 1 11942
2	189 2 11942
2	189 3 11942
2	189 4 11942
2	19 0 12854
2	19 1 12854
2	19 2 12854
2	19 3 12854
2	19 4 12854
2	190 0 12129
2	190 1 12129
2	190 2 12129
2	190 3 12129
2	190 4 12129
2	191 0 12369
2	191 1 12369
2	191 2 12369
2	191 3 12369
2	191 4 12369
2	192 0 12224
2	192 1 12224
2	192 2 12224
2	192 3 12224
2	192 4 12224
2	193 0 12301
2	193 1 12301
2	193 2 12301
2	193 3 12301
2	193 4 12301
2	194 0 11850
2	194 1 11850
2	194 2 11850
2	194 3 11850
2	194 4 11850
2	195 0 12281
2	195 1 12281
2	195 2 12281
2	195 3 12281
2	195 4 12281
2	196 0 12526
2	196 1 12526
2	196 2 12526
2	196 3 12526
2	196 4 12526
2	197 0 11818
2	197 1 11818
2	197 2 11818
2	197 3 11818
2	197 4 11818
2	198 0 12509
2	198 1 12509
2	198 2 12509
2	198 3 12509
2	198 4 12509
2	199 0 12713
2	199 1 12713
2	199 2 12713
2	199 3 12713
2	199 4 12713
2	2 0 283672
2	2 1 301656
2	2 10 11437
2	2 100 12674
2	2 101 12255
2	2 102 12201
2	2 103 12075
2	2 104 11924
2	2 105 11666
2	2 106 12290
2	2 107 12187
2	2 108 13247
2	2 109 12025
2	2 11 12613
2	2 110 12498
2	2 111 11451
2	2 112 11967
2	2 113 11602
2	2 114 12251
2	2 115 12642
2	2 116 12514
2	2 117 12426
2	2 118 12668
2	2 119 12337
2	2 12 11916
2	2 120 12062
2	2 121 12150
2	2 122 12272
2	2 123 12037
2	2 124 12030
2	2 125 11988
2	2 126 12426
2	2 127 12329
2	2 128 12636
2	2 129 11899
2	2 13 12081
2	2 130 11581
2	2 131 11995
2	2 132 12163
2	2 133 12628
2	2 134 12242
2	2 135 12534
2	2 136 12149
2	2 137 12372
2	2 138 12703
2	2 139 12468
2	2 14 12268
2	2 140 12411
2	2 141 12746
2	2 142 12357
2	2 143 12175
2	2 144 12426
2	2 145 12286
2	2 146 12377
2	2 147 12530
2	2 148 11929
2	2 149 12664
2	2 15 11896
2	2 150 12423
2	2 151 11839
2	2 152 12910
2	2 153 12240
2	2 154 11947
2	2 155 12808
2	2 156 12103
2	2 157 11411
2	2 158 12633
2	2 159 11992
2	2 16 11949
2	2 160 12154
2	2 161 12007
2	2 162 12377
2	2 163 12284
2	2 164 12278
2	2 165 12648
2	2 166 11668
2	2 167 12896
2	2 168 11615
2	2 169 12815
2	2 17 12501
2	2 170 12111
2	2 171 12084
2	2 172 12037
2	2 173 12269
2	2 174 12025
2	2 175 12383
2	2 176 11893
2	2 177 11838
2	2 178 11973
2	2 179 12105
2	2 18 12574
2	2 180 12563
2	2 181 12293
2	2 182 11784
2	2 183 11719
2	2 184 11650
2	2 185 12626
2	2 186 11893
2	2 187 12375
2	2 188 12690
2	2 189 12623
2	2 19 12402
2	2 190 12295
2	2 191 12423
2	2 192 11990
2	2 193 11666
2	2 194 12112
2	2 195 12552
2	2 196 11319
2	2 197 12120
2	2 198 12589
2	2 199 12285
2	2 2 304312
2	2 20 12333
2	2 200 12302
2	2 201 12535
2	2 202 12510
2	2 203 12227
2	2 204 12070
2	2 205 12636
2	2 206 12213
2	2 207 12202
2	2 208 11767
2	2 209 12265
2	2 21 12185
2	2 210 12772
2	2 211 12255
2	2 212 12640
2	2 213 11333
2	2 214 12392
2	2 215 13266
2	2 216 12763
2	2 217 12556
2	2 218 12505
2	2 219 12955
2	2 22 12293
2	2 220 12501
2	2 221 12269
2	2 222 12586
2	2 223 11901
2	2 224 12133
2	2 225 12284
2	2 226 12194
2	2 227 12472
2	2 228 12279
2	2 229 12263
2	2 23 12015
2	2 230 12166
2	2 231 12040
2	2 232 12611
2	2 233 11921
2	2 234 12340
2	2 235 12577
2	2 236 12374
2	2 237 11823
2	2 238 12339
2	2 239 12447
2	2 24 11482
2	2 240 12571
2	2 241 11850
2	2 242 12561
2	2 243 12638
2	2 244 12795
2	2 245 11639
2	2 246 11988
2	2 247 12141
2	2 248 12262
2	2 249 12106
2	2 25 11664
2	2 250 12436
2	2 251 12319
2	2 252 11861
2	2 253 11898
2	2 254 12608
2	2 255 12485
2	2 256 12190
2	2 257 12205
2	2 258 12037
2	2 259 12224
2	2 26 12010
2	2 260 12498
2	2 261 11682
2	2 262 12058
2	2 263 11868
2	2 264 12400
2	2 265 12295
2	2 266 13153
2	2 267 12466
2	2 268 12352
2	2 269 12256
2	2 27 12037
2	2 270 11482
2	2 271 12246
2	2 272 12007
2	2 273 12702
2	2 274 12270
2	2 275 12352
2	2 276 12354
2	2 277 11850
2	2 278 11951
2	2 279 12442
2	2 28 12446
2	2 280 11993
2	2 281 12093
2	2 282 12402
2	2 283 12084
2	2 284 11626
2	2 285 12477
2	2 286 12114
2	2 287 12297
2	2 288 12692
2	2 289 12349
2	2 29 12870
2	2 290 12376
2	2 291 12237
2	2 292 12328
2	2 293 12362
2	2 294 12210
2	2 295 11594
2	2 296 12027
2	2 297 12438
2	2 298 12327
2	2 299 12120
2	2 3 297168
2	2 30 12316
2	2 300 12230
2	2 301 12019
2	2 302 12114
2	2 303 12317
2	2 304 12777
2	2 305 12642
2	2 306 11711
2	2 307 12348
2	2 308 12730
2	2 309 11993
2	2 31 11962
2	2 310 12382
2	2 311 12086
2	2 312 12302
2	2 313 12698
2	2 314 11947
2	2 315 12687
2	2 316 12236
2	2 317 11581
2	2 318 12281
2	2 319 12178
2	2 32 12403
2	2 320 12171
2	2 321 11498
2	2 322 11989
2	2 323 13043
2	2 324 11629
2	2 325 11758
2	2 326 12215
2	2 327 12244
2	2 328 12154
2	2 329 12082
2	2 33 11906
2	2 330 12619
2	2 331 12521
2	2 332 11833
2	2 333 12348
2	2 334 12100
2	2 335 11931
2	2 336 12553
2	2 337 12493
2	2 338 12680
2	2 339 12520
2	2 34 11912
2	2 340 12514
2	2 341 12775
2	2 342 11982
2	2 343 12431
2	2 344 12186
2	2 345 12400
2	2 346 12424
2	2 347 11974
2	2 348 12285
2	2 349 12160
2	2 35 12282
2	2 350 12113
2	2 351 12132
2	2 352 12085
2	2 353 11934
2	2 354 12434
2	2 355 12334
2	2 356 12324
2	2 357 12164
2	2 358 12681
2	2 359 11706
2	2 36 12069
2	2 360 12177
2	2 361 12975
2	2 362 12147
2	2 363 11901
2	2 364 12043
2	2 365 11756
2	2 366 12701
2	2 367 11482
2	2 368 11845
2	2 369 12201
2	2 37 11995
2	2 370 12937
2	2 371 11836
2	2 372 12164
2	2 373 11772
2	2 374 11896
2	2 375 12419
2	2 376 12470
2	2 377 11777
2	2 378 12521
2	2 379 11879
2	2 38 11972
2	2 380 12124
2	2 381 12792
2	2 382 12007
2	2 383 12725
2	2 384 12414
2	2 385 11914
2	2 386 12921
2	2 387 11894
2	2 388 11867
2	2 389 12521
2	2 39 12629
2	2 390 12363
2	2 391 11678
2	2 392 12555
2	2 393 12210
2	2 394 12390
2	2 395 11385
2	2 396 12466
2	2 397 12143
2	2 398 12084
2	2 399 12223
2	2 4 292862
2	2 40 12102
2	2 400 11445
2	2 401 12589
2	2 402 11879
2	2 403 12109
2	2 404 12875
2	2 405 11562
2	2 406 12426
2	2 407 13090
2	2 408 12340
2	2 409 12578
2	2 41 12256
2	2 410 12230
2	2 411 12609
2	2 412 12350
2	2 413 11611
2	2 414 12726
2	2 415 12295
2	2 416 12051
2	2 417 11966
2	2 418 12175
2	2 419 12368
2	2 42 12311
2	2 420 11824
2	2 421 12063
2	2 422 12091
2	2 423 12273
2	2 424 12097
2	2 425 12011
2	2 426 11889
2	2 427 12364
2	2 428 12838
2	2 429 11408
2	2 43 12257
2	2 430 12428
2	2 431 12435
2	2 432 12031
2	2 433 12631
2	2 434 12382
2	2 435 11904
2	2 436 12564
2	2 437 12098
2	2 438 12615
2	2 439 12495
2	2 44 12536
2	2 440 12334
2	2 441 12789
2	2 442 12505
2	2 443 11795
2	2 444 12143
2	2 445 11842
2	2 446 12145
2	2 447 12399
2	2 448 12175
2	2 449 12340
2	2 45 12919
2	2 450 12332
2	2 451 12191
2	2 452 12266
2	2 453 12567
2	2 454 11846
2	2 455 12642
2	2 456 12596
2	2 457 12506
2	2 458 11706
2	2 459 12062
2	2 46 11669
2	2 460 12485
2	2 461 11713
2	2 462 12353
2	2 463 12069
2	2 464 12443
2	2 465 12095
2	2 466 13025
2	2 467 12072
2	2 468 12880
2	2 469 12043
2	2 47 11868
2	2 470 12550
2	2 471 11963
2	2 472 11998
2	2 473 12215
2	2 474 12086
2	2 475 12503
2	2 476 12816
2	2 477 12541
2	2 478 12214
2	2 479 12310
2	2 48 12346
2	2 480 12623
2	2 481 12845
2	2 482 12028
2	2 483 12340
2	2 484 12231
2	2 485 12049
2	2 486 11860
2	2 487 12458
2	2 488 12177
2	2 489 12840
2	2 49 12019
2	2 490 12051
2	2 491 12603
2	2 492 12042
2	2 493 12302
2	2 494 11925
2	2 495 11964
2	2 496 12965
2	2 497 12079
2	2 498 12248
2	2 499 12197
2	2 5 12485
2	2 50 13128
2	2 51 11769
2	2 52 12029
2	2 53 12345
2	2 54 11932
2	2 55 12428
2	2 56 11939
2	2 57 12007
2	2 58 12357
2	2 59 12415
2	2 6 12166
2	2 60 12427
2	2 61 12403
2	2 62 12124
2	2 63 12261
2	2 64 12629
2	2 65 11980
2	2 66 11862
2	2 67 12106
2	2 68 12116
2	2 69 13023
2	2 7 13228
2	2 70 12183
2	2 71 13005
2	2 72 11929
2	2 73 12087
2	2 74 12441
2	2 75 12706
2	2 76 12098
2	2 77 12938
2	2 78 12276
2	2 79 12860
2	2 8 11699
2	2 80 11753
2	2 81 12543
2	2 82 12196
2	2 83 12545
2	2 84 11948
2	2 85 12503
2	2 86 12328
2	2 87 12256
2	2 88 12072
2	2 89 11884
2	2 9 12291
2	2 90 12343
2	2 91 12261
2	2 92 12083
2	2 93 12053
2	2 94 12459
2	2 95 12538
2	2 96 11724
2	2 97 12422
2	2 98 12234
2	2 99 11957
2	20 0 12557
2	20 1 12557
2	20 2 12557
2	20 3 12557
2	20 4 12557
2	200 0 11906
2	200 1 11906
2	200 2 11906
2	200 3 11906
2	200 4 11906
2	201 0 12515
2	201 1 12515
2	201 2 12515
2	201 3 12515
2	201 4 12515
2	202 0 12401
2	202 1 12401
2	202 2 12401
2	202 3 12401
2	202 4 12401
2	203 0 12107
2	203 1 12107
2	203 2 12107
2	203 3 12107
2	203 4 12107
2	204 0 12463
2	204 1 12463
2	204 2 12463
2	204 3 12463
2	204 4 12463
2	205 0 12555
2	205 1 12555
2	205 2 12555
2	205 3 12555
2	205 4 12555
2	206 0 12130
2	206 1 12130
2	206 2 12130
2	206 3 12130
2	206 4 12130
2	207 0 12203
2	207 1 12203
2	207 2 12203
2	207 3 12203
2	207 4 12203
2	208 0 12378
2	208 1 12378
2	208 2 12378
2	208 3 12378
2	208 4 12378
2	209 0 12308
2	209 1 12308
2	209 2 12308
2	209 3 12308
2	209 4 12308
2	21 0 12146
2	21 1 12146
2	21 2 12146
2	21 3 12146
2	21 4 12146
2	210 0 12679
2	210 1 12679
2	210 2 12679
2	210 3 12679
2	210 4 12679
2	211 0 12419
2	211 1 12419
2	211 2 12419
2	211 3 12419
2	211 4 12419
2	212 0 12076
2	212 1 12076
2	212 2 12076
2	212 3 12076
2	212 4 12076
2	213 0 12062
2	213 1 12062
2	213 2 12062
2	213 3 12062
2	213 4 12062
2	214 0 12320
2	214 1 12320
2	214 2 12320
2	214 3 12320
2	214 4 12320
2	215 0 12210
2	215 1 12210
2	215 2 12210
2	215 3 12210
2	215 4 12210
2	216 0 12640
2	216 1 12640
2	216 2 12640
2	216 3 12640
2	216 4 12640
2	217 0 12142
2	217 1 12142
2	217 2 12142
2	217 3 12142
2	217 4 12142
2	218 0 12530
2	218 1 12530
2	218 2 12530
2	218 3 12530
2	218 4 12530
2	219 0 12610
2	219 1 12610
2	219 2 12610
2	219 3 12610
2	219 4 12610
2	22 0 12322
2	22 1 12322
2	22 2 12322
2	22 3 12322
2	22 4 12322
2	220 0 12211
2	220 1 12211
2	220 2 12211
2	220 3 12211
2	220 4 12211
2	221 0 12553
2	221 1 12553
2	221 2 12553
2	221 3 12553
2	221 4 12553
2	222 0 12197
2	222 1 12197
2	222 2 12197
2	222 3 12197
2	222 4 12197
2	223 0 12066
2	223 1 12066
2	223 2 12066
2	223 3 12066
2	223 4 12066
2	224 0 12779
2	224 1 12779
2	224 2 12779
2	224 3 12779
2	224 4 12779
2	225 0 12494
2	225 1 12494
2	225 2 12494
2	225 3 12494
2	225 4 12494
2	226 0 12506
2	226 1 12506
2	226 2 12506
2	226 3 12506
2	226 4 12506
2	227 0 12356
2	227 1 12356
2	227 2 12356
2	227 3 12356
2	227 4 12356
2	228 0 12517
2	228 1 12517
2	228 2 12517
2	228 3 12517
2	228 4 12517
2	229 0 12792
2	229 1 12792
2	229 2 12792
2	229 3 12792
2	229 4 12792
2	23 0 12627
2	23 1 12627
2	23 2 12627
2	23 3 12627
2	23 4 12627
2	230 0 12039
2	230 1 12039
2	230 2 12039
2	230 3 12039
2	230 4 12039
2	231 0 11764
2	231 1 11764
2	231 2 11764
2	231 3 11764
2	231 4 11764
2	232 0 11820
2	232 1 11820
2	232 2 11820
2	232 3 11820
2	232 4 11820
2	233 0 12633
2	233 1 12633
2	233 2 12633
2	233 3 12633
2	233 4 12633
2	234 0 11727
2	234 1 11727
2	234 2 11727
2	234 3 11727
2	234 4 11727
2	235 0 12010
2	235 1 12010
2	235 2 12010
2	235 3 12010
2	235 4 12010
2	236 0 12147
2	236 1 12147
2	236 2 12147
2	236 3 12147
2	236 4 12147
2	237 0 12480
2	237 1 12480
2	237 2 12480
2	237 3 12480
2	237 4 12480
2	238 0 12138
2	238 1 12138
2	238 2 12138
2	238 3 12138
2	238 4 12138
2	239 0 12662
2	239 1 12662
2	239 2 12662
2	239 3 12662
2	239 4 12662
2	24 0 12625
2	24 1 12625
2	24 2 12625
2	24 3 12625
2	24 4 12625
2	240 0 12476
2	240 1 12476
2	240 2 12476
2	240 3 12476
2	240 4 12476
2	241 0 11900
2	241 1 11900
2	241 2 11900
2	241 3 11900
2	241 4 11900
2	242 0 13084
2	242 1 13084
2	242 2 13084
2	242 3 13084
2	242 4 13084
2	243 0 11915
2	243 1 11915
2	243 2 11915
2	243 3 11915
2	243 4 11915
2	244 0 12400
2	244 1 12400
2	244 2 12400
2	244 3 12400
2	244 4 12400
2	245 0 12626
2	245 1 12626
2	245 2 12626
2	245 3 12626
2	245 4 12626
2	246 0 11576
2	246 1 11576
2	246 2 11576
2	246 3 11576
2	246 4 11576
2	247 0 12611
2	247 1 12611
2	247 2 12611
2	247 3 12611
2	247 4 12611
2	248 0 12148
2	248 1 12148
2	248 2 12148
2	248 3 12148
2	248 4 12148
2	249 0 12157
2	249 1 12157
2	249 2 12157
2	249 3 12157
2	249 4 12157
2	25 0 12196
2	25 1 12196
2	25 2 12196
2	25 3 12196
2	25 4 12196
2	250 0 12312
2	250 1 12312
2	250 2 12312
2	250 3 12312
2	250 4 12312
2	251 0 12334
2	251 1 12334
2	251 2 12334
2	251 3 12334
2	251 4 12334
2	252 0 12024
2	252 1 12024
2	252 2 12024
2	252 3 12024
2	252 4 12024
2	253 0 11966
2	253 1 11966
2	253 2 11966
2	253 3 11966
2	253 4 11966
2	254 0 12329
2	254 1 12329
2	254 2 12329
2	254 3 12329
2	254 4 12329
2	255 0 12341
2	255 1 12341
2	255 2 12341
2	255 3 12341
2	255 4 12341
2	256 0 12103
2	256 1 12103
2	256 2 12103
2	256 3 12103
2	256 4 12103
2	257 0 11967
2	257 1 11967
2	257 2 11967
2	257 3 11967
2	257 4 11967
2	258 0 12006
2	258 1 12006
2	258 2 12006
2	258 3 12006
2	258 4 12006
2	259 0 12344
2	259 1 12344
2	259 2 12344
2	259 3 12344
2	259 4 12344
2	26 0 12904
2	26 1 12904
2	26 2 12904
2	26 3 12904
2	26 4 12904
2	260 0 11827
2	260 1 11827
2	260 2 11827
2	260 3 11827
2	260 4 11827
2	261 0 12818
2	261 1 12818
2	261 2 12818
2	261 3 12818
2	261 4 12818
2	262 0 12204
2	262 1 12204
2	262 2 12204
2	262 3 12204
2	262 4 12204
2	263 0 12054
2	263 1 12054
2	263 2 12054
2	263 3 12054
2	263 4 12054
2	264 0 12400
2	264 1 12400
2	264 2 12400
2	264 3 12400
2	264 4 12400
2	265 0 12614
2	265 1 12614
2	265 2 12614
2	265 3 12614
2	265 4 12614
2	266 0 12397
2	266 1 12397
2	266 2 12397
2	266 3 12397
2	266 4 12397
2	267 0 11606
2	267 1 11606
2	267 2 11606
2	267 3 11606
2	267 4 11606
2	268 0 12182
2	268 1 12182
2	268 2 12182
2	268 3 12182
2	268 4 12182
2	269 0 12675
2	269 1 12675
2	269 2 12675
2	269 3 12675
2	269 4 12675
2	27 0 12633
2	27 1 12633
2	27 2 12633
2	27 3 12633
2	27 4 12633
2	270 0 11737
2	270 1 11737
2	270 2 11737
2	270 3 11737
2	270 4 11737
2	271 0 13071
2	271 1 13071
2	271 2 13071
2	271 3 13071
2	271 4 13071
2	272 0 12526
2	272 1 12526
2	272 2 12526
2	272 3 12526
2	272 4 12526
2	273 0 12604
2	273 1 12604
2	273 2 12604
2	273 3 12604
2	273 4 12604
2	274 0 12077
2	274 1 12077
2	274 2 12077
2	274 3 12077
2	274 4 12077
2	275 0 12656
2	275 1 12656
2	275 2 12656
2	275 3 12656
2	275 4 12656
2	276 0 12154
2	276 1 12154
2	276 2 12154
2	276 3 12154
2	276 4 12154
2	277 0 12453
2	277 1 12453
2	277 2 12453
2	277 3 12453
2	277 4 12453
2	278 0 11961
2	278 1 11961
2	278 2 11961
2	278 3 11961
2	278 4 11961
2	279 0 12377
2	279 1 12377
2	279 2 12377
2	279 3 12377
2	279 4 12377
2	28 0 12622
2	28 1 12622
2	28 2 12622
2	28 3 12622
2	28 4 12622
2	280 0 12357
2	280 1 12357
2	280 2 12357
2	280 3 12357
2	280 4 12357
2	281 0 12528
2	281 1 12528
2	281 2 12528
2	281 3 12528
2	281 4 12528
2	282 0 12230
2	282 1 12230
2	282 2 12230
2	282 3 12230
2	282 4 12230
2	283 0 11758
2	283 1 11758
2	283 2 11758
2	283 3 11758
2	283 4 11758
2	284 0 11952
2	284 1 11952
2	284 2 11952
2	284 3 11952
2	284 4 11952
2	285 0 12305
2	285 1 12305
2	285 2 12305
2	285 3 12305
2	285 4 12305
2	286 0 12527
2	286 1 12527
2	286 2 12527
2	286 3 12527
2	286 4 12527
2	287 0 12715
2	287 1 12715
2	287 2 12715
2	287 3 12715
2	287 4 12715
2	288 0 12859
2	288 1 12859
2	288 2 12859
2	288 3 12859
2	288 4 12859
2	289 0 12249
2	289 1 12249
2	289 2 12249
2	289 3 12249
2	289 4 12249
2	29 0 12389
2	29 1 12389
2	29 2 12389
2	29 3 12389
2	29 4 12389
2	290 0 12135
2	290 1 12135
2	290 2 12135
2	290 3 12135
2	290 4 12135
2	291 0 12379
2	291 1 12379
2	291 2 12379
2	291 3 12379
2	291 4 12379
2	292 0 12800
2	292 1 12800
2	292 2 12800
2	292 3 12800
2	292 4 12800
2	293 0 12262
2	293 1 12262
2	293 2 12262
2	293 3 12262
2	293 4 12262
2	294 0 12497
2	294 1 12497
2	294 2 12497
2	294 3 12497
2	294 4 12497
2	295 0 12536
2	295 1 12536
2	295 2 12536
2	295 3 12536
2	295 4 12536
2	296 0 11952
2	296 1 11952
2	296 2 11952
2	296 3 11952
2	296 4 11952
2	297 0 12204
2	297 1 12204
2	297 2 12204
2	297 3 12204
2	297 4 12204
2	298 0 12005
2	298 1 12005
2	298 2 12005
2	298 3 12005
2	298 4 12005
2	299 0 11603
2	299 1 11603
2	299 2 11603
2	299 3 11603
2	299 4 11603
2	3 0 301690
2	3 1 295427
2	3 10 11437
2	3 100 12674
2	3 101 12255
2	3 102 12201
2	3 103 12075
2	3 104 11924
2	3 105 11666
2	3 106 12290
2	3 107 12187
2	3 108 13247
2	3 109 12025
2	3 11 12613
2	3 110 12498
2	3 111 11451
2	3 112 11967
2	3 113 11602
2	3 114 12251
2	3 115 12642
2	3 116 12514
2	3 117 12426
2	3 118 12668
2	3 119 12337
2	3 12 11916
2	3 120 12062
2	3 121 12150
2	3 122 12272
2	3 123 12037
2	3 124 12030
2	3 125 11988
2	3 126 12426
2	3 127 12329
2	3 128 12636
2	3 129 11899
2	3 13 12081
2	3 130 11581
2	3 131 11995
2	3 132 12163
2	3 133 12628
2	3 134 12242
2	3 135 12534
2	3 136 12149
2	3 137 12372
2	3 138 12703
2	3 139 12468
2	3 14 12268
2	3 140 12411
2	3 141 12746
2	3 142 12357
2	3 143 12175
2	3 144 12426
2	3 145 12286
2	3 146 12377
2	3 147 12530
2	3 148 11929
2	3 149 12664
2	3 15 11896
2	3 150 12423
2	3 151 11839
2	3 152 12910
2	3 153 12240
2	3 154 11947
2	3 155 12808
2	3 156 12103
2	3 157 11411
2	3 158 12633
2	3 159 11992
2	3 16 11949
2	3 160 12154
2	3 161 12007
2	3 162 12377
2	3 163 12284
2	3 164 12278
2	3 165 12648
2	3 166 11668
2	3 167 12896
2	3 168 11615
2	3 169 12815
2	3 17 12501
2	3 170 12111
2	3 171 12084
2	3 172 12037
2	3 173 12269
2	3 174 12025
2	3 175 12383
2	3 176 11893
2	3 177 11838
2	3 178 11973
2	3 179 12105
2	3 18 12574
2	3 180 12563
2	3 181 12293
2	3 182 11784
2	3 183 11719
2	3 184 11650
2	3 185 12626
2	3 186 11893
2	3 187 12375
2	3 188 12690
2	3 189 12623
2	3 19 12402
2	3 190 12295
2	3 191 12423
2	3 192 11990
2	3 193 11666
2	3 194 12112
2	3 195 12552
2	3 196 11319
2	3 197 12120
2	3 198 12589
2	3 199 12285
2	3 2 303496
2	3 20 12333
2	3 200 12302
2	3 201 12535
2	3 202 12510
2	3 203 12227
2	3 204 12070
2	3 205 12636
2	3 206 12213
2	3 207 12202
2	3 208 11767
2	3 209 12265
2	3 21 12185
2	3 210 12772
2	3 211 12255
2	3 212 12640
2	3 213 11333
2	3 214 12392
2	3 215 13266
2	3 216 12763
2	3 217 12556
2	3 218 12505
2	3 219 12955
2	3 22 12293
2	3 220 12501
2	3 221 12269
2	3 222 12586
2	3 223 11901
2	3 224 12133
2	3 225 12284
2	3 226 12194
2	3 227 12472
2	3 228 12279
2	3 229 12263
2	3 23 12015
2	3 230 12166
2	3 231 12040
2	3 232 12611
2	3 233 11921
2	3 234 12340
2	3 235 12577
2	3 236 12374
2	3 237 11823
2	3 238 12339
2	3 239 12447
2	3 24 11482
2	3 240 12571
2	3 241 11850
2	3 242 12561
2	3 243 12638
2	3 244 12795
2	3 245 11639
2	3 246 11988
2	3 247 12141
2	3 248 12262
2	3 249 12106
2	3 25 11664
2	3 250 12436
2	3 251 12319
2	3 252 11861
2	3 253 11898
2	3 254 12608
2	3 255 12485
2	3 256 12190
2	3 257 12205
2	3 258 12037
2	3 259 12224
2	3 26 12010
2	3 260 12498
2	3 261 11682
2	3 262 12058
2	3 263 11868
2	3 264 12400
2	3 265 12295
2	3 266 13153
2	3 267 12466
2	3 268 12352
2	3 269 12256
2	3 27 12037
2	3 270 11482
2	3 271 12246
2	3 272 12007
2	3 273 12702
2	3 274 12270
2	3 275 12352
2	3 276 12354
2	3 277 11850
2	3 278 11951
2	3 279 12442
2	3 28 12446
2	3 280 11993
2	3 281 12093
2	3 282 12402
2	3 283 12084
2	3 284 11626
2	3 285 12477
2	3 286 12114
2	3 287 12297
2	3 288 12692
2	3 289 12349
2	3 29 12870
2	3 290 12376
2	3 291 12237
2	3 292 12328
2	3 293 12362
2	3 294 12210
2	3 295 11594
2	3 296 12027
2	3 297 12438
2	3 298 12327
2	3 299 12120
2	3 3 297224
2	3 30 12316
2	3 300 12230
2	3 301 12019
2	3 302 12114
2	3 303 12317
2	3 304 12777
2	3 305 12642
2	3 306 11711
2	3 307 12348
2	3 308 12730
2	3 309 11993
2	3 31 11962
2	3 310 12382
2	3 311 12086
2	3 312 12302
2	3 313 12698
2	3 314 11947
2	3 315 12687
2	3 316 12236
2	3 317 11581
2	3 318 12281
2	3 319 12178
2	3 32 12403
2	3 320 12171
2	3 321 11498
2	3 322 11989
2	3 323 13043
2	3 324 11629
2	3 325 11758
2	3 326 12215
2	3 327 12244
2	3 328 12154
2	3 329 12082
2	3 33 11906
2	3 330 12619
2	3 331 12521
2	3 332 11833
2	3 333 12348
2	3 334 12100
2	3 335 11931
2	3 336 12553
2	3 337 12493
2	3 338 12680
2	3 339 12520
2	3 34 11912
2	3 340 12514
2	3 341 12775
2	3 342 11982
2	3 343 12431
2	3 344 12186
2	3 345 12400
2	3 346 12424
2	3 347 11974
2	3 348 12285
2	3 349 12160
2	3 35 12282
2	3 350 12113
2	3 351 12132
2	3 352 12085
2	3 353 11934
2	3 354 12434
2	3 355 12334
2	3 356 12324
2	3 357 12164
2	3 358 12681
2	3 359 11706
2	3 36 12069
2	3 360 12177
2	3 361 12975
2	3 362 12147
2	3 363 11901
2	3 364 12043
2	3 365 11756
2	3 366 12701
2	3 367 11482
2	3 368 11845
2	3 369 12201
2	3 37 11995
2	3 370 12937
2	3 371 11836
2	3 372 12164
2	3 373 11772
2	3 374 11896
2	3 375 12419
2	3 376 12470
2	3 377 11777
2	3 378 12521
2	3 379 11879
2	3 38 11972
2	3 380 12124
2	3 381 12792
2	3 382 12007
2	3 383 12725
2	3 384 12414
2	3 385 11914
2	3 386 12921
2	3 387 11894
2	3 388 11867
2	3 389 12521
2	3 39 12629
2	3 390 12363
2	3 391 11678
2	3 392 12555
2	3 393 12210
2	3 394 12390
2	3 395 11385
2	3 396 12466
2	3 397 12143
2	3 398 12084
2	3 399 12223
2	3 4 291617
2	3 40 12102
2	3 400 11445
2	3 401 12589
2	3 402 11879
2	3 403 12109
2	3 404 12875
2	3 405 11562
2	3 406 12426
2	3 407 13090
2	3 408 12340
2	3 409 12578
2	3 41 12256
2	3 410 12230
2	3 411 12609
2	3 412 12350
2	3 413 11611
2	3 414 12726
2	3 415 12295
2	3 416 12051
2	3 417 11966
2	3 418 12175
2	3 419 12368
2	3 42 12311
2	3 420 11824
2	3 421 12063
2	3 422 12091
2	3 423 12273
2	3 424 12097
2	3 425 12011
2	3 426 11889
2	3 427 12364
2	3 428 12838
2	3 429 11408
2	3 43 12257
2	3 430 12428
2	3 431 12435
2	3 432 12031
2	3 433 12631
2	3 434 12382
2	3 435 11904
2	3 436 12564
2	3 437 12098
2	3 438 12615
2	3 439 12495
2	3 44 12536
2	3 440 12334
2	3 441 12789
2	3 442 12505
2	3 443 11795
2	3 444 12143
2	3 445 11842
2	3 446 12145
2	3 447 12399
2	3 448 12175
2	3 449 12340
2	3 45 12919
2	3 450 12332
2	3 451 12191
2	3 452 12266
2	3 453 12567
2	3 454 11846
2	3 455 12642
2	3 456 12596
2	3 457 12506
2	3 458 11706
2	3 459 12062
2	3 46 11669
2	3 460 12485
2	3 461 11713
2	3 462 12353
2	3 463 12069
2	3 464 12443
2	3 465 12095
2	3 466 13025
2	3 467 12072
2	3 468 12880
2	3 469 12043
2	3 47 11868
2	3 470 12550
2	3 471 11963
2	3 472 11998
2	3 473 12215
2	3 474 12086
2	3 475 12503
2	3 476 12816
2	3 477 12541
2	3 478 12214
2	3 479 12310
2	3 48 12346
2	3 480 12623
2	3 481 12845
2	3 482 12028
2	3 483 12340
2	3 484 12231
2	3 485 12049
2	3 486 11860
2	3 487 12458
2	3 488 12177
2	3 489 12840
2	3 49 12019
2	3 490 12051
2	3 491 12603
2	3 492 12042
2	3 493 12302
2	3 494 11925
2	3 495 11964
2	3 496 12965
2	3 497 12079
2	3 498 12248
2	3 499 12197
2	3 5 12485
2	3 50 13128
2	3 51 11769
2	3 52 12029
2	3 53 12345
2	3 54 11932
2	3 55 12428
2	3 56 11939
2	3 57 12007
2	3 58 12357
2	3 59 12415
2	3 6 12166
2	3 60 12427
2	3 61 12403
2	3 62 12124
2	3 63 12261
2	3 64 12629
2	3 65 11980
2	3 66 11862
2	3 67 12106
2	3 68 12116
2	3 69 13023
2	3 7 13228
2	3 70 12183
2	3 71 13005
2	3 72 11929
2	3 73 12087
2	3 74 12441
2	3 75 12706
2	3 76 12098
2	3 77 12938
2	3 78 12276
2	3 79 12860
2	3 8 11699
2	3 80 11753
2	3 81 12543
2	3 82 12196
2	3 83 12545
2	3 84 11948
2	3 85 12503
2	3 86 12328
2	3 87 12256
2	3 88 12072
2	3 89 11884
2	3 9 12291
2	3 90 12343
2	3 91 12261
2	3 92 12083
2	3 93 12053
2	3 94 12459
2	3 95 12538
2	3 96 11724
2	3 97 12422
2	3 98 12234
2	3 99 11957
2	30 0 11727
2	30 1 11727
2	30 2 11727
2	30 3 11727
2	30 4 11727
2	300 0 12319
2	300 1 12319
2	300 2 12319
2	300 3 12319
2	300 4 12319
2	301 0 12808
2	301 1 12808
2	301 2 12808
2	301 3 12808
2	301 4 12808
2	302 0 12054
2	302 1 12054
2	302 2 12054
2	302 3 12054
2	302 4 12054
2	303 0 11908
2	303 1 11908
2	303 2 11908
2	303 3 11908
2	303 4 11908
2	304 0 12565
2	304 1 12565
2	304 2 12565
2	304 3 12565
2	304 4 12565
2	305 0 12296
2	305 1 12296
2	305 2 12296
2	305 3 12296
2	305 4 12296
2	306 0 12348
2	306 1 12348
2	306 2 12348
2	306 3 12348
2	306 4 12348
2	307 0 12660
2	307 1 12660
2	307 2 12660
2	307 3 12660
2	307 4 12660
2	308 0 12354
2	308 1 12354
2	308 2 12354
2	308 3 12354
2	308 4 12354
2	309 0 12237
2	309 1 12237
2	309 2 12237
2	309 3 12237
2	309 4 12237
2	31 0 12054
2	31 1 12054
2	31 2 12054
2	31 3 12054
2	31 4 12054
2	310 0 12366
2	310 1 12366
2	310 2 12366
2	310 3 12366
2	310 4 12366
2	311 0 11853
2	311 1 11853
2	311 2 11853
2	311 3 11853
2	311 4 11853
2	312 0 12228
2	312 1 12228
2	312 2 12228
2	312 3 12228
2	312 4 12228
2	313 0 11757
2	313 1 11757
2	313 2 11757
2	313 3 11757
2	313 4 11757
2	314 0 12205
2	314 1 12205
2	314 2 12205
2	314 3 12205
2	314 4 12205
2	315 0 12971
2	315 1 12971
2	315 2 12971
2	315 3 12971
2	315 4 12971
2	316 0 12591
2	316 1 12591
2	316 2 12591
2	316 3 12591
2	316 4 12591
2	317 0 12522
2	317 1 12522
2	317 2 12522
2	317 3 12522
2	317 4 12522
2	318 0 12436
2	318 1 12436
2	318 2 12436
2	318 3 12436
2	318 4 12436
2	319 0 12123
2	319 1 12123
2	319 2 12123
2	319 3 12123
2	319 4 12123
2	32 0 11905
2	32 1 11905
2	32 2 11905
2	32 3 11905
2	32 4 11905
2	320 0 12254
2	320 1 12254
2	320 2 12254
2	320 3 12254
2	320 4 12254
2	321 0 12239
2	321 1 12239
2	321 2 12239
2	321 3 12239
2	321 4 12239
2	322 0 12726
2	322 1 12726
2	322 2 12726
2	322 3 12726
2	322 4 12726
2	323 0 11840
2	323 1 11840
2	323 2 11840
2	323 3 11840
2	323 4 11840
2	324 0 12008
2	324 1 12008
2	324 2 12008
2	324 3 12008
2	324 4 12008
2	325 0 12052
2	325 1 12052
2	325 2 12052
2	325 3 12052
2	325 4 12052
2	326 0 11537
2	326 1 11537
2	326 2 11537
2	326 3 11537
2	326 4 11537
2	327 0 12303
2	327 1 12303
2	327 2 12303
2	327 3 12303
2	327 4 12303
2	328 0 13202
2	328 1 13202
2	328 2 13202
2	328 3 13202
2	328 4 13202
2	329 0 12302
2	329 1 12302
2	329 2 12302
2	329 3 12302
2	329 4 12302
2	33 0 12710
2	33 1 12710
2	33 2 12710
2	33 3 12710
2	33 4 12710
2	330 0 12179
2	330 1 12179
2	330 2 12179
2	330 3 12179
2	330 4 12179
2	331 0 12245
2	331 1 12245
2	331 2 12245
2	331 3 12245
2	331 4 12245
2	332 0 12261
2	332 1 12261
2	332 2 12261
2	332 3 12261
2	332 4 12261
2	333 0 12741
2	333 1 12741
2	333 2 12741
2	333 3 12741
2	333 4 12741
2	334 0 12691
2	334 1 12691
2	334 2 12691
2	334 3 12691
2	334 4 12691
2	335 0 12074
2	335 1 12074
2	335 2 12074
2	335 3 12074
2	335 4 12074
2	336 0 12520
2	336 1 12520
2	336 2 12520
2	336 3 12520
2	336 4 12520
2	337 0 12365
2	337 1 12365
2	337 2 12365
2	337 3 12365
2	337 4 12365
2	338 0 12369
2	338 1 12369
2	338 2 12369
2	338 3 12369
2	338 4 12369
2	339 0 12406
2	339 1 12406
2	339 2 12406
2	339 3 12406
2	339 4 12406
2	34 0 12183
2	34 1 12183
2	34 2 12183
2	34 3 12183
2	34 4 12183
2	340 0 12574
2	340 1 12574
2	340 2 12574
2	340 3 12574
2	340 4 12574
2	341 0 12296
2	341 1 12296
2	341 2 12296
2	341 3 12296
2	341 4 12296
2	342 0 11747
2	342 1 11747
2	342 2 11747
2	342 3 11747
2	342 4 11747
2	343 0 12225
2	343 1 12225
2	343 2 12225
2	343 3 12225
2	343 4 12225
2	344 0 11870
2	344 1 11870
2	344 2 11870
2	344 3 11870
2	344 4 11870
2	345 0 12570
2	345 1 12570
2	345 2 12570
2	345 3 12570
2	345 4 12570
2	346 0 12203
2	346 1 12203
2	346 2 12203
2	346 3 12203
2	346 4 12203
2	347 0 12116
2	347 1 12116
2	347 2 12116
2	347 3 12116
2	347 4 12116
2	348 0 12486
2	348 1 12486
2	348 2 12486
2	348 3 12486
2	348 4 12486
2	349 0 12175
2	349 1 12175
2	349 2 12175
2	349 3 12175
2	349 4 12175
2	35 0 12568
2	35 1 12568
2	35 2 12568
2	35 3 12568
2	35 4 12568
2	350 0 11939
2	350 1 11939
2	350 2 11939
2	350 3 11939
2	350 4 11939
2	351 0 12134
2	351 1 12134
2	351 2 12134
2	351 3 12134
2	351 4 12134
2	352 0 12145
2	352 1 12145
2	352 2 12145
2	352 3 12145
2	352 4 12145
2	353 0 11839
2	353 1 11839
2	353 2 11839
2	353 3 11839
2	353 4 11839
2	354 0 11786
2	354 1 11786
2	354 2 11786
2	354 3 11786
2	354 4 11786
2	355 0 12319
2	355 1 12319
2	355 2 12319
2	355 3 12319
2	355 4 12319
2	356 0 12707
2	356 1 12707
2	356 2 12707
2	356 3 12707
2	356 4 12707
2	357 0 12318
2	357 1 12318
2	357 2 12318
2	357 3 12318
2	357 4 12318
2	358 0 11856
2	358 1 11856
2	358 2 11856
2	358 3 11856
2	358 4 11856
2	359 0 11862
2	359 1 11862
2	359 2 11862
2	359 3 11862
2	359 4 11862
2	36 0 12134
2	36 1 12134
2	36 2 12134
2	36 3 12134
2	36 4 12134
2	360 0 12740
2	360 1 12740
2	360 2 12740
2	360 3 12740
2	360 4 12740
2	361 0 11560
2	361 1 11560
2	361 2 11560
2	361 3 11560
2	361 4 11560
2	362 0 12558
2	362 1 12558
2	362 2 12558
2	362 3 12558
2	362 4 12558
2	363 0 12195
2	363 1 12195
2	363 2 12195
2	363 3 12195
2	363 4 12195
2	364 0 12581
2	364 1 12581
2	364 2 12581
2	364 3 12581
2	364 4 12581
2	365 0 12186
2	365 1 12186
2	365 2 12186
2	365 3 12186
2	365 4 12186
2	366 0 12178
2	366 1 12178
2	366 2 12178
2	366 3 12178
2	366 4 12178
2	367 0 12384
2	367 1 12384
2	367 2 12384
2	367 3 12384
2	367 4 12384
2	368 0 12086
2	368 1 12086
2	368 2 12086
2	368 3 12086
2	368 4 12086
2	369 0 12152
2	369 1 12152
2	369 2 12152
2	369 3 12152
2	369 4 12152
2	37 0 12221
2	37 1 12221
2	37 2 12221
2	37 3 12221
2	37 4 12221
2	370 0 11632
2	370 1 11632
2	370 2 11632
2	370 3 11632
2	370 4 11632
2	371 0 12155
2	371 1 12155
2	371 2 12155
2	371 3 12155
2	371 4 12155
2	372 0 12121
2	372 1 12121
2	372 2 12121
2	372 3 12121
2	372 4 12121
2	373 0 12809
2	373 1 12809
2	373 2 12809
2	373 3 12809
2	373 4 12809
2	374 0 12467
2	374 1 12467
2	374 2 12467
2	374 3 12467
2	374 4 12467
2	375 0 12718
2	375 1 12718
2	375 2 12718
2	375 3 12718
2	375 4 12718
2	376 0 12444
2	376 1 12444
2	376 2 12444
2	376 3 12444
2	376 4 12444
2	377 0 11300
2	377 1 11300
2	377 2 11300
2	377 3 11300
2	377 4 11300
2	378 0 11844
2	378 1 11844
2	378 2 11844
2	378 3 11844
2	378 4 11844
2	379 0 11867
2	379 1 11867
2	379 2 11867
2	379 3 11867
2	379 4 11867
2	38 0 11809
2	38 1 11809
2	38 2 11809
2	38 3 11809
2	38 4 11809
2	380 0 12086
2	380 1 12086
2	380 2 12086
2	380 3 12086
2	380 4 12086
2	381 0 12418
2	381 1 12418
2	381 2 12418
2	381 3 12418
2	381 4 12418
2	382 0 12082
2	382 1 12082
2	382 2 12082
2	382 3 12082
2	382 4 12082
2	383 0 12216
2	383 1 12216
2	383 2 12216
2	383 3 12216
2	383 4 12216
2	384 0 12005
2	384 1 12005
2	384 2 12005
2	384 3 12005
2	384 4 12005
2	385 0 11703
2	385 1 11703
2	385 2 11703
2	385 3 11703
2	385 4 11703
2	386 0 12068
2	386 1 12068
2	386 2 12068
2	386 3 12068
2	386 4 12068
2	387 0 12601
2	387 1 12601
2	387 2 12601
2	387 3 12601
2	387 4 12601
2	388 0 12423
2	388 1 12423
2	388 2 12423
2	388 3 12423
2	388 4 12423
2	389 0 12353
2	389 1 12353
2	389 2 12353
2	389 3 12353
2	389 4 12353
2	39 0 12089
2	39 1 12089
2	39 2 12089
2	39 3 12089
2	39 4 12089
2	390 0 12255
2	390 1 12255
2	390 2 12255
2	390 3 12255
2	390 4 12255
2	391 0 12227
2	391 1 12227
2	391 2 12227
2	391 3 12227
2	391 4 12227
2	392 0 12423
2	392 1 12423
2	392 2 12423
2	392 3 12423
2	392 4 12423
2	393 0 12217
2	393 1 12217
2	393 2 12217
2	393 3 12217
2	393 4 12217
2	394 0 12292
2	394 1 12292
2	394 2 12292
2	394 3 12292
2	394 4 12292
2	395 0 12254
2	395 1 12254
2	395 2 12254
2	395 3 12254
2	395 4 12254
2	396 0 12354
2	396 1 12354
2	396 2 12354
2	396 3 12354
2	396 4 12354
2	397 0 11914
2	397 1 11914
2	397 2 11914
2	397 3 11914
2	397 4 11914
2	398 0 12470
2	398 1 12470
2	398 2 12470
2	398 3 12470
2	398 4 12470
2	399 0 11989
2	399 1 11989
2	399 2 11989
2	399 3 11989
2	399 4 11989
2	4 0 297869
2	4 1 296081
2	4 10 11437
2	4 100 12674
2	4 101 12255
2	4 102 12201
2	4 103 12075
2	4 104 11924
2	4 105 11666
2	4 106 12290
2	4 107 12187
2	4 108 13247
2	4 109 12025
2	4 11 12613
2	4 110 12498
2	4 111 11451
2	4 112 11967
2	4 113 11602
2	4 114 12251
2	4 115 12642
2	4 116 12514
2	4 117 12426
2	4 118 12668
2	4 119 12337
2	4 12 11916
2	4 120 12062
2	4 121 12150
2	4 122 12272
2	4 123 12037
2	4 124 12030
2	4 125 11988
2	4 126 12426
2	4 127 12329
2	4 128 12636
2	4 129 11899
2	4 13 12081
2	4 130 11581
2	4 131 11995
2	4 132 12163
2	4 133 12628
2	4 134 12242
2	4 135 12534
2	4 136 12149
2	4 137 12372
2	4 138 12703
2	4 139 12468
2	4 14 12268
2	4 140 12411
2	4 141 12746
2	4 142 12357
2	4 143 12175
2	4 144 12426
2	4 145 12286
2	4 146 12377
2	4 147 12530
2	4 148 11929
2	4 149 12664
2	4 15 11896
2	4 150 12423
2	4 151 11839
2	4 152 12910
2	4 153 12240
2	4 154 11947
2	4 155 12808
2	4 156 12103
2	4 157 11411
2	4 158 12633
2	4 159 11992
2	4 16 11949
2	4 160 12154
2	4 161 12007
2	4 162 12377
2	4 163 12284
2	4 164 12278
2	4 165 12648
2	4 166 11668
2	4 167 12896
2	4 168 11615
2	4 169 12815
2	4 17 12501
2	4 170 12111
2	4 171 12084
2	4 172 12037
2	4 173 12269
2	4 174 12025
2	4 175 12383
2	4 176 11893
2	4 177 11838
2	4 178 11973
2	4 179 12105
2	4 18 12574
2	4 180 12563
2	4 181 12293
2	4 182 11784
2	4 183 11719
2	4 184 11650
2	4 185 12626
2	4 186 11893
2	4 187 12375
2	4 188 12690
2	4 189 12623
2	4 19 12402
2	4 190 12295
2	4 191 12423
2	4 192 11990
2	4 193 11666
2	4 194 12112
2	4 195 12552
2	4 196 11319
2	4 197 12120
2	4 198 12589
2	4 199 12285
2	4 2 300780
2	4 20 12333
2	4 200 12302
2	4 201 12535
2	4 202 12510
2	4 203 12227
2	4 204 12070
2	4 205 12636
2	4 206 12213
2	4 207 12202
2	4 208 11767
2	4 209 12265
2	4 21 12185
2	4 210 12772
2	4 211 12255
2	4 212 12640
2	4 213 11333
2	4 214 12392
2	4 215 13266
2	4 216 12763
2	4 217 12556
2	4 218 12505
2	4 219 12955
2	4 22 12293
2	4 220 12501
2	4 221 12269
2	4 222 12586
2	4 223 11901
2	4 224 12133
2	4 225 12284
2	4 226 12194
2	4 227 12472
2	4 228 12279
2	4 229 12263
2	4 23 12015
2	4 230 12166
2	4 231 12040
2	4 232 12611
2	4 233 11921
2	4 234 12340
2	4 235 12577
2	4 236 12374
2	4 237 11823
2	4 238 12339
2	4 239 12447
2	4 24 11482
2	4 240 12571
2	4 241 11850
2	4 242 12561
2	4 243 12638
2	4 244 12795
2	4 245 11639
2	4 246 11988
2	4 247 12141
2	4 248 12262
2	4 249 12106
2	4 25 11664
2	4 250 12436
2	4 251 12319
2	4 252 11861
2	4 253 11898
2	4 254 12608
2	4 255 12485
2	4 256 12190
2	4 257 12205
2	4 258 12037
2	4 259 12224
2	4 26 12010
2	4 260 12498
2	4 261 11682
2	4 262 12058
2	4 263 11868
2	4 264 12400
2	4 265 12295
2	4 266 13153
2	4 267 12466
2	4 268 12352
2	4 269 12256
2	4 27 12037
2	4 270 11482
2	4 271 12246
2	4 272 12007
2	4 273 12702
2	4 274 12270
2	4 275 12352
2	4 276 12354
2	4 277 11850
2	4 278 11951
2	4 279 12442
2	4 28 12446
2	4 280 11993
2	4 281 12093
2	4 282 12402
2	4 283 12084
2	4 284 11626
2	4 285 12477
2	4 286 12114
2	4 287 12297
2	4 288 12692
2	4 289 12349
2	4 29 12870
2	4 290 12376
2	4 291 12237
2	4 292 12328
2	4 293 12362
2	4 294 12210
2	4 295 11594
2	4 296 12027
2	4 297 12438
2	4 298 12327
2	4 299 12120
2	4 3 286485
2	4 30 12316
2	4 300 12230
2	4 301 12019
2	4 302 12114
2	4 303 12317
2	4 304 12777
2	4 305 12642
2	4 306 11711
2	4 307 12348
2	4 308 12730
2	4 309 11993
2	4 31 11962
2	4 310 12382
2	4 311 12086
2	4 312 12302
2	4 313 12698
2	4 314 11947
2	4 315 12687
2	4 316 12236
2	4 317 11581
2	4 318 12281
2	4 319 12178
2	4 32 12403
2	4 320 12171
2	4 321 11498
2	4 322 11989
2	4 323 13043
2	4 324 11629
2	4 325 11758
2	4 326 12215
2	4 327 12244
2	4 328 12154
2	4 329 12082
2	4 33 11906
2	4 330 12619
2	4 331 12521
2	4 332 11833
2	4 333 12348
2	4 334 12100
2	4 335 11931
2	4 336 12553
2	4 337 12493
2	4 338 12680
2	4 339 12520
2	4 34 11912
2	4 340 12514
2	4 341 12775
2	4 342 11982
2	4 343 12431
2	4 344 12186
2	4 345 12400
2	4 346 12424
2	4 347 11974
2	4 348 12285
2	4 349 12160
2	4 35 12282
2	4 350 12113
2	4 351 12132
2	4 352 12085
2	4 353 11934
2	4 354 12434
2	4 355 12334
2	4 356 12324
2	4 357 12164
2	4 358 12681
2	4 359 11706
2	4 36 12069
2	4 360 12177
2	4 361 12975
2	4 362 12147
2	4 363 11901
2	4 364 12043
2	4 365 11756
2	4 366 12701
2	4 367 11482
2	4 368 11845
2	4 369 12201
2	4 37 11995
2	4 370 12937
2	4 371 11836
2	4 372 12164
2	4 373 11772
2	4 374 11896
2	4 375 12419
2	4 376 12470
2	4 377 11777
2	4 378 12521
2	4 379 11879
2	4 38 11972
2	4 380 12124
2	4 381 12792
2	4 382 12007
2	4 383 12725
2	4 384 12414
2	4 385 11914
2	4 386 12921
2	4 387 11894
2	4 388 11867
2	4 389 12521
2	4 39 12629
2	4 390 12363
2	4 391 11678
2	4 392 12555
2	4 393 12210
2	4 394 12390
2	4 395 11385
2	4 396 12466
2	4 397 12143
2	4 398 12084
2	4 399 12223
2	4 4 287126
2	4 40 12102
2	4 400 11445
2	4 401 12589
2	4 402 11879
2	4 403 12109
2	4 404 12875
2	4 405 11562
2	4 406 12426
2	4 407 13090
2	4 408 12340
2	4 409 12578
2	4 41 12256
2	4 410 12230
2	4 411 12609
2	4 412 12350
2	4 413 11611
2	4 414 12726
2	4 415 12295
2	4 416 12051
2	4 417 11966
2	4 418 12175
2	4 419 12368
2	4 42 12311
2	4 420 11824
2	4 421 12063
2	4 422 12091
2	4 423 12273
2	4 424 12097
2	4 425 12011
2	4 426 11889
2	4 427 12364
2	4 428 12838
2	4 429 11408
2	4 43 12257
2	4 430 12428
2	4 431 12435
2	4 432 12031
2	4 433 12631
2	4 434 12382
2	4 435 11904
2	4 436 12564
2	4 437 12098
2	4 438 12615
2	4 439 12495
2	4 44 12536
2	4 440 12334
2	4 441 12789
2	4 442 12505
2	4 443 11795
2	4 444 12143
2	4 445 11842
2	4 446 12145
2	4 447 12399
2	4 448 12175
2	4 449 12340
2	4 45 12919
2	4 450 12332
2	4 451 12191
2	4 452 12266
2	4 453 12567
2	4 454 11846
2	4 455 12642
2	4 456 12596
2	4 457 12506
2	4 458 11706
2	4 459 12062
2	4 46 11669
2	4 460 12485
2	4 461 11713
2	4 462 12353
2	4 463 12069
2	4 464 12443
2	4 465 12095
2	4 466 13025
2	4 467 12072
2	4 468 12880
2	4 469 12043
2	4 47 11868
2	4 470 12550
2	4 471 11963
2	4 472 11998
2	4 473 12215
2	4 474 12086
2	4 475 12503
2	4 476 12816
2	4 477 12541
2	4 478 12214
2	4 479 12310
2	4 48 12346
2	4 480 12623
2	4 481 12845
2	4 482 12028
2	4 483 12340
2	4 484 12231
2	4 485 12049
2	4 486 11860
2	4 487 12458
2	4 488 12177
2	4 489 12840
2	4 49 12019
2	4 490 12051
2	4 491 12603
2	4 492 12042
2	4 493 12302
2	4 494 11925
2	4 495 11964
2	4 496 12965
2	4 497 12079
2	4 498 12248
2	4 499 12197
2	4 5 12485
2	4 50 13128
2	4 51 11769
2	4 52 12029
2	4 53 12345
2	4 54 11932
2	4 55 12428
2	4 56 11939
2	4 57 12007
2	4 58 12357
2	4 59 12415
2	4 6 12166
2	4 60 12427
2	4 61 12403
2	4 62 12124
2	4 63 12261
2	4 64 12629
2	4 65 11980
2	4 66 11862
2	4 67 12106
2	4 68 12116
2	4 69 13023
2	4 7 13228
2	4 70 12183
2	4 71 13005
2	4 72 11929
2	4 73 12087
2	4 74 12441
2	4 75 12706
2	4 76 12098
2	4 77 12938
2	4 78 12276
2	4 79 12860
2	4 8 11699
2	4 80 11753
2	4 81 12543
2	4 82 12196
2	4 83 12545
2	4 84 11948
2	4 85 12503
2	4 86 12328
2	4 87 12256
2	4 88 12072
2	4 89 11884
2	4 9 12291
2	4 90 12343
2	4 91 12261
2	4 92 12083
2	4 93 12053
2	4 94 12459
2	4 95 12538
2	4 96 11724
2	4 97 12422
2	4 98 12234
2	4 99 11957
2	40 0 12207
2	40 1 12207
2	40 2 12207
2	40 3 12207
2	40 4 12207
2	400 0 12129
2	400 1 12129
2	400 2 12129
2	400 3 12129
2	400 4 12129
2	401 0 12574
2	401 1 12574
2	401 2 12574
2	401 3 12574
2	401 4 12574
2	402 0 12201
2	402 1 12201
2	402 2 12201
2	402 3 12201
2	402 4 12201
2	403 0 12916
2	403 1 12916
2	403 2 12916
2	403 3 12916
2	403 4 12916
2	404 0 11943
2	404 1 11943
2	404 2 11943
2	404 3 11943
2	404 4 11943
2	405 0 12545
2	405 1 12545
2	405 2 12545
2	405 3 12545
2	405 4 12545
2	406 0 12070
2	406 1 12070
2	406 2 12070
2	406 3 12070
2	406 4 12070
2	407 0 12027
2	407 1 12027
2	407 2 12027
2	407 3 12027
2	407 4 12027
2	408 0 12065
2	408 1 12065
2	408 2 12065
2	408 3 12065
2	408 4 12065
2	409 0 12237
2	409 1 12237
2	409 2 12237
2	409 3 12237
2	409 4 12237
2	41 0 11516
2	41 1 11516
2	41 2 11516
2	41 3 11516
2	41 4 11516
2	410 0 12369
2	410 1 12369
2	410 2 12369
2	410 3 12369
2	410 4 12369
2	411 0 12068
2	411 1 12068
2	411 2 12068
2	411 3 12068
2	411 4 12068
2	412 0 12754
2	412 1 12754
2	412 2 12754
2	412 3 12754
2	412 4 12754
2	413 0 12231
2	413 1 12231
2	413 2 12231
2	413 3 12231
2	413 4 12231
2	414 0 12012
2	414 1 12012
2	414 2 12012
2	414 3 12012
2	414 4 12012
2	415 0 12383
2	415 1 12383
2	415 2 12383
2	415 3 12383
2	415 4 12383
2	416 0 12731
2	416 1 12731
2	416 2 12731
2	416 3 12731
2	416 4 12731
2	417 0 12688
2	417 1 12688
2	417 2 12688
2	417 3 12688
2	417 4 12688
2	418 0 12850
2	418 1 12850
2	418 2 12850
2	418 3 12850
2	418 4 12850
2	419 0 12408
2	419 1 12408
2	419 2 12408
2	419 3 12408
2	419 4 12408
2	42 0 12405
2	42 1 12405
2	42 2 12405
2	42 3 12405
2	42 4 12405
2	420 0 12674
2	420 1 12674
2	420 2 12674
2	420 3 12674
2	420 4 12674
2	421 0 12144
2	421 1 12144
2	421 2 12144
2	421 3 12144
2	421 4 12144
2	422 0 11915
2	422 1 11915
2	422 2 11915
2	422 3 11915
2	422 4 11915
2	423 0 12532
2	423 1 12532
2	423 2 12532
2	423 3 12532
2	423 4 12532
2	424 0 11306
2	424 1 11306
2	424 2 11306
2	424 3 11306
2	424 4 11306
2	425 0 12073
2	425 1 12073
2	425 2 12073
2	425 3 12073
2	425 4 12073
2	426 0 11800
2	426 1 11800
2	426 2 11800
2	426 3 11800
2	426 4 11800
2	427 0 12057
2	427 1 12057
2	427 2 12057
2	427 3 12057
2	427 4 12057
2	428 0 11959
2	428 1 11959
2	428 2 11959
2	428 3 11959
2	428 4 11959
2	429 0 12606
2	429 1 12606
2	429 2 12606
2	429 3 12606
2	429 4 12606
2	43 0 12398
2	43 1 12398
2	43 2 12398
2	43 3 12398
2	43 4 12398
2	430 0 11971
2	430 1 11971
2	430 2 11971
2	430 3 11971
2	430 4 11971
2	431 0 12527
2	431 1 12527
2	431 2 12527
2	431 3 12527
2	431 4 12527
2	432 0 12016
2	432 1 12016
2	432 2 12016
2	432 3 12016
2	432 4 12016
2	433 0 12127
2	433 1 12127
2	433 2 12127
2	433 3 12127
2	433 4 12127
2	434 0 12364
2	434 1 12364
2	434 2 12364
2	434 3 12364
2	434 4 12364
2	435 0 12714
2	435 1 12714
2	435 2 12714
2	435 3 12714
2	435 4 12714
2	436 0 11967
2	436 1 11967
2	436 2 11967
2	436 3 11967
2	436 4 11967
2	437 0 12030
2	437 1 12030
2	437 2 12030
2	437 3 12030
2	437 4 12030
2	438 0 11985
2	438 1 11985
2	438 2 11985
2	438 3 11985
2	438 4 11985
2	439 0 12371
2	439 1 12371
2	439 2 12371
2	439 3 12371
2	439 4 12371
2	44 0 11531
2	44 1 11531
2	44 2 11531
2	44 3 11531
2	44 4 11531
2	440 0 12185
2	440 1 12185
2	440 2 12185
2	440 3 12185
2	440 4 12185
2	441 0 11982
2	441 1 11982
2	441 2 11982
2	441 3 11982
2	441 4 11982
2	442 0 11715
2	442 1 11715
2	442 2 11715
2	442 3 11715
2	442 4 11715
2	443 0 12279
2	443 1 12279
2	443 2 12279
2	443 3 12279
2	443 4 12279
2	444 0 12364
2	444 1 12364
2	444 2 12364
2	444 3 12364
2	444 4 12364
2	445 0 12486
2	445 1 12486
2	445 2 12486
2	445 3 12486
2	445 4 12486
2	446 0 12138
2	446 1 12138
2	446 2 12138
2	446 3 12138
2	446 4 12138
2	447 0 12150
2	447 1 12150
2	447 2 12150
2	447 3 12150
2	447 4 12150
2	448 0 12701
2	448 1 12701
2	448 2 12701
2	448 3 12701
2	448 4 12701
2	449 0 12406
2	449 1 12406
2	449 2 12406
2	449 3 12406
2	449 4 12406
2	45 0 12592
2	45 1 12592
2	45 2 12592
2	45 3 12592
2	45 4 12592
2	450 0 12303
2	450 1 12303
2	450 2 12303
2	450 3 12303
2	450 4 12303
2	451 0 12469
2	451 1 12469
2	451 2 12469
2	451 3 12469
2	451 4 12469
2	452 0 12472
2	452 1 12472
2	452 2 12472
2	452 3 12472
2	452 4 12472
2	453 0 11860
2	453 1 11860
2	453 2 11860
2	453 3 11860
2	453 4 11860
2	454 0 12367
2	454 1 12367
2	454 2 12367
2	454 3 12367
2	454 4 12367
2	455 0 11958
2	455 1 11958
2	455 2 11958
2	455 3 11958
2	455 4 11958
2	456 0 11923
2	456 1 11923
2	456 2 11923
2	456 3 11923
2	456 4 11923
2	457 0 12419
2	457 1 12419
2	457 2 12419
2	457 3 12419
2	457 4 12419
2	458 0 12401
2	458 1 12401
2	458 2 12401
2	458 3 12401
2	458 4 12401
2	459 0 12111
2	459 1 12111
2	459 2 12111
2	459 3 12111
2	459 4 12111
2	46 0 12606
2	46 1 12606
2	46 2 12606
2	46 3 12606
2	46 4 12606
2	460 0 11788
2	460 1 11788
2	460 2 11788
2	460 3 11788
2	460 4 11788
2	461 0 12680
2	461 1 12680
2	461 2 12680
2	461 3 12680
2	461 4 12680
2	462 0 12227
2	462 1 12227
2	462 2 12227
2	462 3 12227
2	462 4 12227
2	463 0 11984
2	463 1 11984
2	463 2 11984
2	463 3 11984
2	463 4 11984
2	464 0 11848
2	464 1 11848
2	464 2 11848
2	464 3 11848
2	464 4 11848
2	465 0 12343
2	465 1 12343
2	465 2 12343
2	465 3 12343
2	465 4 12343
2	466 0 12337
2	466 1 12337
2	466 2 12337
2	466 3 12337
2	466 4 12337
2	467 0 12167
2	467 1 12167
2	467 2 12167
2	467 3 12167
2	467 4 12167
2	468 0 12042
2	468 1 12042
2	468 2 12042
2	468 3 12042
2	468 4 12042
2	469 0 12718
2	469 1 12718
2	469 2 12718
2	469 3 12718
2	469 4 12718
2	47 0 12109
2	47 1 12109
2	47 2 12109
2	47 3 12109
2	47 4 12109
2	470 0 12017
2	470 1 12017
2	470 2 12017
2	470 3 12017
2	470 4 12017
2	471 0 11989
2	471 1 11989
2	471 2 11989
2	471 3 11989
2	471 4 11989
2	472 0 12561
2	472 1 12561
2	472 2 12561
2	472 3 12561
2	472 4 12561
2	473 0 12776
2	473 1 12776
2	473 2 12776
2	473 3 12776
2	473 4 12776
2	474 0 12878
2	474 1 12878
2	474 2 12878
2	474 3 12878
2	474 4 12878
2	475 0 12485
2	475 1 12485
2	475 2 12485
2	475 3 12485
2	475 4 12485
2	476 0 12206
2	476 1 12206
2	476 2 12206
2	476 3 12206
2	476 4 12206
2	477 0 12086
2	477 1 12086
2	477 2 12086
2	477 3 12086
2	477 4 12086
2	478 0 11717
2	478 1 11717
2	478 2 11717
2	478 3 11717
2	478 4 11717
2	479 0 11851
2	479 1 11851
2	479 2 11851
2	479 3 11851
2	479 4 11851
2	48 0 12479
2	48 1 12479
2	48 2 12479
2	48 3 12479
2	48 4 12479
2	480 0 12586
2	480 1 12586
2	480 2 12586
2	480 3 12586
2	480 4 12586
2	481 0 12738
2	481 1 12738
2	481 2 12738
2	481 3 12738
2	481 4 12738
2	482 0 12262
2	482 1 12262
2	482 2 12262
2	482 3 12262
2	482 4 12262
2	483 0 12391
2	483 1 12391
2	483 2 12391
2	483 3 12391
2	483 4 12391
2	484 0 12111
2	484 1 12111
2	484 2 12111
2	484 3 12111
2	484 4 12111
2	485 0 12459
2	485 1 12459
2	485 2 12459
2	485 3 12459
2	485 4 12459
2	486 0 12351
2	486 1 12351
2	486 2 12351
2	486 3 12351
2	486 4 12351
2	487 0 12422
2	487 1 12422
2	487 2 12422
2	487 3 12422
2	487 4 12422
2	488 0 11788
2	488 1 11788
2	488 2 11788
2	488 3 11788
2	488 4 11788
2	489 0 12438
2	489 1 12438
2	489 2 12438
2	489 3 12438
2	489 4 12438
2	49 0 12840
2	49 1 12840
2	49 2 12840
2	49 3 12840
2	49 4 12840
2	490 0 11739
2	490 1 11739
2	490 2 11739
2	490 3 11739
2	490 4 11739
2	491 0 12091
2	491 1 12091
2	491 2 12091
2	491 3 12091
2	491 4 12091
2	492 0 12213
2	492 1 12213
2	492 2 12213
2	492 3 12213
2	492 4 12213
2	493 0 12050
2	493 1 12050
2	493 2 12050
2	493 3 12050
2	493 4 12050
2	494 0 12297
2	494 1 12297
2	494 2 12297
2	494 3 12297
2	494 4 12297
2	495 0 11677
2	495 1 11677
2	495 2 11677
2	495 3 11677
2	495 4 11677
2	496 0 12226
2	496 1 12226
2	496 2 12226
2	496 3 12226
2	496 4 12226
2	497 0 12403
2	497 1 12403
2	497 2 12403
2	497 3 12403
2	497 4 12403
2	498 0 12700
2	498 1 12700
2	498 2 12700
2	498 3 12700
2	498 4 12700
2	499 0 12392
2	499 1 12392
2	499 2 12392
2	499 3 12392
2	499 4 12392
2	5 0 12086
2	5 1 12086
2	5 2 12086
2	5 3 12086
2	5 4 12086
2	50 0 12576
2	50 1 12576
2	50 2 12576
2	50 3 12576
2	50 4 12576
2	51 0 12387
2	51 1 12387
2	51 2 12387
2	51 3 12387
2	51 4 12387
2	52 0 12063
2	52 1 12063
2	52 2 12063
2	52 3 12063
2	52 4 12063
2	53 0 12650
2	53 1 12650
2	53 2 12650
2	53 3 12650
2	53 4 12650
2	54 0 12351
2	54 1 12351
2	54 2 12351
2	54 3 12351
2	54 4 12351
2	55 0 11940
2	55 1 11940
2	55 2 11940
2	55 3 11940
2	55 4 11940
2	56 0 11674
2	56 1 11674
2	56 2 11674
2	56 3 11674
2	56 4 11674
2	57 0 12425
2	57 1 12425
2	57 2 12425
2	57 3 12425
2	57 4 12425
2	58 0 11843
2	58 1 11843
2	58 2 11843
2	58 3 11843
2	58 4 11843
2	59 0 12079
2	59 1 12079
2	59 2 12079
2	59 3 12079
2	59 4 12079
2	6 0 12517
2	6 1 12517
2	6 2 12517
2	6 3 12517
2	6 4 12517
2	60 0 12091
2	60 1 12091
2	60 2 12091
2	60 3 12091
2	60 4 12091
2	61 0 12172
2	61 1 12172
2	61 2 12172
2	61 3 12172
2	61 4 12172
2	62 0 12203
2	62 1 12203
2	62 2 12203
2	62 3 12203
2	62 4 12203
2	63 0 12368
2	63 1 12368
2	63 2 12368
2	63 3 12368
2	63 4 12368
2	64 0 12383
2	64 1 12383
2	64 2 12383
2	64 3 12383
2	64 4 12383
2	65 0 11999
2	65 1 11999
2	65 2 11999
2	65 3 11999
2	65 4 11999
2	66 0 12133
2	66 1 12133
2	66 2 12133
2	66 3 12133
2	66 4 12133
2	67 0 12663
2	67 1 12663
2	67 2 12663
2	67 3 12663
2	67 4 12663
2	68 0 12012
2	68 1 12012
2	68 2 12012
2	68 3 12012
2	68 4 12012
2	69 0 12415
2	69 1 12415
2	69 2 12415
2	69 3 12415
2	69 4 12415
2	7 0 11910
2	7 1 11910
2	7 2 11910
2	7 3 11910
2	7 4 11910
2	70 0 12165
2	70 1 12165
2	70 2 12165
2	70 3 12165
2	70 4 12165
2	71 0 11792
2	71 1 11792
2	71 2 11792
2	71 3 11792
2	71 4 11792
2	72 0 12014
2	72 1 12014
2	72 2 12014
2	72 3 12014
2	72 4 12014
2	73 0 11859
2	73 1 11859
2	73 2 11859
2	73 3 11859
2	73 4 11859
2	74 0 11915
2	74 1 11915
2	74 2 11915
2	74 3 11915
2	74 4 11915
2	75 0 12551
2	75 1 12551
2	75 2 12551
2	75 3 12551
2	75 4 12551
2	76 0 12328
2	76 1 12328
2	76 2 12328
2	76 3 12328
2	76 4 12328
2	77 0 12676
2	77 1 12676
2	77 2 12676
2	77 3 12676
2	77 4 12676
2	78 0 12654
2	78 1 12654
2	78 2 12654
2	78 3 12654
2	78 4 12654
2	79 0 11763
2	79 1 11763
2	79 2 11763
2	79 3 11763
2	79 4 11763
2	8 0 12109
2	8 1 12109
2	8 2 12109
2	8 3 12109
2	8 4 12109
2	80 0 11759
2	80 1 11759
2	80 2 11759
2	80 3 11759
2	80 4 11759
2	81 0 12156
2	81 1 12156
2	81 2 12156
2	81 3 12156
2	81 4 12156
2	82 0 12741
2	82 1 12741
2	82 2 12741
2	82 3 12741
2	82 4 12741
2	83 0 12356
2	83 1 12356
2	83 2 12356
2	83 3 12356
2	83 4 12356
2	84 0 11828
2	84 1 11828
2	84 2 11828
2	84 3 11828
2	84 4 11828
2	85 0 12142
2	85 1 12142
2	85 2 12142
2	85 3 12142
2	85 4 12142
2	86 0 12502
2	86 1 12502
2	86 2 12502
2	86 3 12502
2	86 4 12502
2	87 0 12530
2	87 1 12530
2	87 2 12530
2	87 3 12530
2	87 4 12530
2	88 0 12236
2	88 1 12236
2	88 2 12236
2	88 3 12236
2	88 4 12236
2	89 0 12204
2	89 1 12204
2	89 2 12204
2	89 3 12204
2	89 4 12204
2	9 0 12309
2	9 1 12309
2	9 2 12309
2	9 3 12309
2	9 4 12309
2	90 0 12609
2	90 1 12609
2	90 2 12609
2	90 3 12609
2	90 4 12609
2	91 0 12336
2	91 1 12336
2	91 2 12336
2	91 3 12336
2	91 4 12336
2	92 0 11247
2	92 1 11247
2	92 2 11247
2	92 3 11247
2	92 4 11247
2	93 0 11349
2	93 1 11349
2	93 2 11349
2	93 3 11349
2	93 4 11349
2	94 0 12637
2	94 1 12637
2	94 2 12637
2	94 3 12637
2	94 4 12637
2	95 0 11463
2	95 1 11463
2	95 2 11463
2	95 3 11463
2	95 4 11463
2	96 0 12575
2	96 1 12575
2	96 2 12575
2	96 3 12575
2	96 4 12575
2	97 0 12313
2	97 1 12313
2	97 2 12313
2	97 3 12313
2	97 4 12313
2	98 0 12365
2	98 1 12365
2	98 2 12365
2	98 3 12365
2	98 4 12365
2	99 0 11981
2	99 1 11981
2	99 2 11981
2	99 3 11981
2	99 4 11981
