1004	1102
101	2237
10515	882
110	2794
1146	1426
117	1026
123	1302
12925	1467
13041	1051
1327	1786
1393	1161
14098	1291
147	1779
15832	1143
16010	1316
161	1010
16217	1166
170	3099
175	970
179	998
185	1376
19	1005
201	1133
2238	1715
225	3257
237	3032
242	911
249	1160
255	1474
258	987
264	895
270	1734
271	2094
286	1183
2958	904
301	1204
31	920
310	2594
32	15167
3270	950
32_38	2833
32_39	8455
32_41	3196
32_48	8034
338	1274
36	2936
36_38	2790
36_39	2037
36_48	1416
37	1074
37_38	1046
38	15596
38_110	2725
38_170	3031
38_286	1116
38_39	10345
38_41	3897
38_48	7944
39	50675
39_101	1400
39_110	1759
39_1146	983
39_12925	938
39_1327	1156
39_147	1137
39_170	2059
39_2238	1287
39_225	2351
39_237	1929
39_255	1057
39_270	1194
39_271	1434
39_310	1852
39_41	11414
39_413	1130
39_438	1260
39_475	1500
39_48	29142
39_533	922
39_60	983
39_65	2787
39_79	1111
39_89	2749
41	14945
413	1880
41_48	9018
41_65	995
438	1863
45	911
475	2167
479	926
48	42135
48_101	1311
48_110	1380
48_1327	968
48_147	1036
48_170	1557
48_2238	955
48_225	1736
48_237	1682
48_255	1057
48_270	957
48_271	1090
48_310	1692
48_413	1135
48_438	1025
48_475	1428
48_65	2529
48_79	893
48_89	2798
49	1120
522	974
533	1487
548	1137
589	1119
592	1227
60	1489
604	1209
65	4472
677	1110
740	1181
78	1060
783	965
79	1600
824	1210
89	3837
9	1372
956	911
