0 -> 39	0.70621467
10023 -> 10024	1.0
10121 -> 10123	1.0
10121 -> 10122	1.0
10131 -> 10132	1.0
10150 -> 10151	1.0
10244 -> 10248	1.0
10244 -> 10245	1.0
10244 -> 10246	1.0
10244 -> 10247	1.0
10246 -> 10248	1.0
10246 -> 10247	1.0
10280 -> 10281	1.0
10299 -> 10300	1.0
10303 -> 10304	1.0
1032 -> 4731	0.71428573
10350 -> 10351	1.0
10355 -> 10356	1.0
10368 -> 10369	1.0
10368 -> 10370	1.0
10435 -> 10437	1.0
10435 -> 10436	1.0
10435 -> 10442	1.0
10435 -> 10441	1.0
10435 -> 10440	1.0
10435 -> 10439	1.0
10435 -> 10438	1.0
10472 -> 10473	1.0
10509 -> 10511	1.0
10509 -> 10510	1.0
10634 -> 10636	1.0
10634 -> 10635	1.0
10667 -> 10668	1.0
10678 -> 10680	1.0
10678 -> 10679	1.0
10706 -> 10707	1.0
10737 -> 10738	1.0
1076 -> 1084	0.77380955
10806 -> 10808	1.0
10806 -> 10807	1.0
10916 -> 10917	1.0
10961 -> 10962	1.0
10972 -> 10974	1.0
10972 -> 10973	1.0
10975 -> 10976	1.0
10987 -> 10988	1.0
11024 -> 11025	1.0
11072 -> 11074	1.0
11072 -> 11073	1.0
11089 -> 11090	1.0
11126 -> 11127	1.0
11126 -> 11128	1.0
11145 -> 11148	1.0
11145 -> 11147	1.0
11145 -> 11146	1.0
11146 -> 11148	1.0
11146 -> 11147	1.0
11149 -> 11150	1.0
1117 -> 1123	1.0
1117 -> 1119	1.0
1117 -> 1120	1.0
1117 -> 1121	1.0
1117 -> 1122	1.0
1117 -> 1124	1.0
1117 -> 1125	1.0
1117 -> 1126	1.0
1117 -> 1127	1.0
1117 -> 1128	1.0
1117 -> 1118	1.0
11184 -> 11185	1.0
11217 -> 11218	1.0
11243 -> 11244	1.0
1125 -> 1126	1.0
1125 -> 1127	1.0
1125 -> 1128	1.0
11319 -> 11320	1.0
11319 -> 11323	1.0
11319 -> 11322	1.0
11319 -> 11321	1.0
11328 -> 11329	1.0
11334 -> 11335	1.0
11334 -> 11336	1.0
11335 -> 11336	1.0
11345 -> 11346	1.0
11354 -> 11355	1.0
11356 -> 11357	1.0
11375 -> 11376	1.0
11450 -> 11451	1.0
11461 -> 11462	1.0
11487 -> 11488	1.0
11529 -> 11530	1.0
11570 -> 11571	1.0
11613 -> 11615	1.0
11613 -> 11614	1.0
11652 -> 11653	1.0
11666 -> 11668	1.0
11666 -> 11667	1.0
11683 -> 11685	1.0
11683 -> 11684	1.0
11683 -> 11686	1.0
11684 -> 11686	1.0
11684 -> 11685	1.0
11696 -> 11697	1.0
11784 -> 11785	1.0
11817 -> 11819	1.0
11817 -> 11818	1.0
11818 -> 11819	1.0
11847 -> 11848	1.0
11885 -> 11888	1.0
11885 -> 11887	1.0
11885 -> 11886	1.0
11887 -> 11888	1.0
11941 -> 11942	1.0
11972 -> 11973	1.0
11976 -> 11977	1.0
12014 -> 12015	1.0
12017 -> 12018	1.0
12045 -> 12046	1.0
12120 -> 12121	1.0
12218 -> 12219	1.0
12228 -> 12229	1.0
12252 -> 12253	1.0
12316 -> 12317	1.0
12321 -> 12322	1.0
12344 -> 12345	1.0
12349 -> 12350	1.0
12402 -> 12403	1.0
12402 -> 12404	1.0
12403 -> 12404	1.0
12412 -> 12413	1.0
12420 -> 12421	1.0
12438 -> 12439	1.0
12453 -> 12455	1.0
12453 -> 12454	1.0
12454 -> 12455	1.0
12497 -> 12498	1.0
12530 -> 12531	1.0
12549 -> 12550	1.0
12563 -> 12564	1.0
12595 -> 12596	1.0
12595 -> 12598	1.0
12595 -> 12597	1.0
12596 -> 12597	1.0
12596 -> 12598	1.0
12597 -> 12598	1.0
12625 -> 12627	1.0
12625 -> 12626	1.0
12626 -> 12627	1.0
12660 -> 12661	1.0
12664 -> 12665	1.0
12690 -> 12691	1.0
12785 -> 12786	1.0
12790 -> 12791	1.0
12803 -> 12804	1.0
12818 -> 12819	1.0
12832 -> 12833	1.0
12850 -> 12851	1.0
12867 -> 12868	1.0
12899 -> 12900	1.0
12902 -> 12904	1.0
12902 -> 12903	1.0
12912 -> 12913	1.0
12989 -> 12990	1.0
13 -> 39	0.73333335
13000 -> 13001	1.0
13168 -> 13169	1.0
13211 -> 13212	1.0
13218 -> 13219	1.0
1326 -> 1327	1.0
13310 -> 13311	1.0
13310 -> 13312	1.0
13311 -> 13312	1.0
13338 -> 13339	1.0
13343 -> 13346	1.0
13343 -> 13345	1.0
13343 -> 13344	1.0
13349 -> 13350	1.0
13352 -> 13353	1.0
13354 -> 13355	1.0
13374 -> 13375	1.0
1338 -> 1339	0.71428573
13460 -> 13461	1.0
13480 -> 13481	1.0
13502 -> 13503	1.0
13633 -> 13636	1.0
13633 -> 13634	1.0
13633 -> 13635	1.0
13634 -> 13635	1.0
13634 -> 13636	1.0
1366 -> 1386	1.0
1366 -> 1385	1.0
1366 -> 1383	1.0
1366 -> 1382	1.0
1366 -> 1381	1.0
1366 -> 1379	1.0
1366 -> 1378	1.0
1366 -> 1377	1.0
1366 -> 1375	1.0
1366 -> 1374	1.0
1366 -> 1373	1.0
1366 -> 1371	1.0
1366 -> 1370	1.0
1366 -> 1369	1.0
1366 -> 1368	1.0
1366 -> 1367	1.0
1366 -> 1380	1.0
1366 -> 1384	1.0
1366 -> 1376	1.0
1366 -> 1372	1.0
13660 -> 13661	1.0
13664 -> 13665	1.0
13723 -> 13725	1.0
13723 -> 13724	1.0
13814 -> 13815	1.0
13864 -> 13865	1.0
13864 -> 13866	1.0
13921 -> 13922	1.0
13994 -> 13995	1.0
13994 -> 13996	1.0
13994 -> 13997	1.0
13996 -> 13997	1.0
14 -> 39	0.84210527
14009 -> 14011	1.0
14009 -> 14010	1.0
14036 -> 14037	1.0
14078 -> 14079	1.0
14135 -> 14138	1.0
14135 -> 14137	1.0
14135 -> 14136	1.0
14146 -> 14148	1.0
14146 -> 14147	1.0
14147 -> 14148	1.0
14150 -> 14151	1.0
14181 -> 14182	1.0
14193 -> 14194	1.0
14283 -> 14284	1.0
14460 -> 14461	1.0
14503 -> 14504	1.0
14524 -> 14525	1.0
1458 -> 1462	1.0
1458 -> 1461	1.0
1458 -> 1460	1.0
1458 -> 1459	1.0
14601 -> 14603	1.0
14601 -> 14602	1.0
14614 -> 14615	1.0
14620 -> 14622	1.0
14620 -> 14621	1.0
14675 -> 14676	1.0
14689 -> 14693	1.0
14689 -> 14692	1.0
14689 -> 14691	1.0
14689 -> 14690	1.0
14690 -> 14693	1.0
14690 -> 14692	1.0
14690 -> 14691	1.0
14691 -> 14693	1.0
14691 -> 14692	1.0
14710 -> 14711	1.0
14748 -> 14749	1.0
14760 -> 14761	1.0
14772 -> 14775	1.0
14772 -> 14774	1.0
14772 -> 14773	1.0
14773 -> 14775	1.0
14773 -> 14774	1.0
14774 -> 14775	1.0
14811 -> 14812	1.0
14908 -> 14909	1.0
14983 -> 14984	1.0
15027 -> 15028	1.0
15088 -> 15089	1.0
1511 -> 1514	1.0
1511 -> 1516	1.0
1511 -> 1517	1.0
1511 -> 1515	1.0
1511 -> 1512	1.0
1511 -> 1513	1.0
1512 -> 1517	1.0
1512 -> 1516	1.0
1512 -> 1515	1.0
1512 -> 1514	1.0
1512 -> 1513	1.0
1514 -> 1517	1.0
1514 -> 1516	1.0
1514 -> 1515	1.0
15152 -> 15153	1.0
15268 -> 15269	1.0
15279 -> 15280	1.0
15301 -> 15302	1.0
15312 -> 15313	1.0
15320 -> 15322	1.0
15320 -> 15321	1.0
15334 -> 15335	1.0
15334 -> 15336	1.0
15341 -> 15342	1.0
15407 -> 15408	1.0
15419 -> 15437	0.75
15434 -> 15435	1.0
15445 -> 15446	1.0
15525 -> 15526	1.0
1554 -> 1557	1.0
1554 -> 1556	1.0
1554 -> 1555	1.0
15560 -> 15561	1.0
15597 -> 15598	1.0
15635 -> 15636	1.0
15701 -> 15702	1.0
15701 -> 15703	1.0
15722 -> 15723	1.0
15722 -> 15725	1.0
15722 -> 15724	1.0
15723 -> 15725	1.0
15723 -> 15724	1.0
15724 -> 15725	1.0
15730 -> 15731	1.0
15795 -> 15796	1.0
15802 -> 15832	0.8333333
15880 -> 15881	1.0
15890 -> 15891	1.0
15933 -> 15934	1.0
15939 -> 15940	1.0
15944 -> 15945	1.0
15957 -> 15958	1.0
15989 -> 15990	1.0
16005 -> 16010	0.72727275
16031 -> 16032	1.0
16106 -> 16107	1.0
16110 -> 16111	1.0
16139 -> 16140	1.0
16164 -> 16165	1.0
16179 -> 16184	1.0
16179 -> 16183	1.0
16179 -> 16182	1.0
16179 -> 16181	1.0
16179 -> 16180	1.0
16205 -> 16207	1.0
16205 -> 16206	1.0
16206 -> 16207	1.0
16232 -> 16233	1.0
16232 -> 16234	1.0
16233 -> 16234	1.0
16267 -> 16268	1.0
16297 -> 16299	1.0
16297 -> 16298	1.0
16344 -> 16345	1.0
16350 -> 16351	1.0
16353 -> 16354	1.0
16363 -> 16364	1.0
16380 -> 16381	1.0
16419 -> 16420	1.0
16430 -> 16431	0.8169014
16437 -> 16438	1.0
16442 -> 16443	1.0
16442 -> 16444	1.0
16447 -> 16449	1.0
16447 -> 16448	1.0
16448 -> 16449	1.0
1819 -> 3311	0.7171315
1967 -> 1972	1.0
1967 -> 1971	1.0
1967 -> 1970	1.0
1967 -> 1969	1.0
1967 -> 1968	1.0
2148 -> 2149	1.0
2148 -> 2150	1.0
2189 -> 2191	1.0
2396 -> 2397	1.0
2452 -> 2454	1.0
2452 -> 2455	1.0
2452 -> 2456	1.0
2452 -> 2457	1.0
2452 -> 2458	1.0
2452 -> 2459	1.0
2452 -> 2453	1.0
2454 -> 2457	1.0
2454 -> 2456	1.0
2454 -> 2455	1.0
2454 -> 2459	1.0
2454 -> 2458	1.0
2497 -> 2499	1.0
2497 -> 2498	1.0
2653 -> 2656	1.0
2653 -> 2655	1.0
2653 -> 2654	1.0
2744 -> 2745	0.75
28 -> 39	0.71428573
2825 -> 2827	1.0
2825 -> 2826	1.0
2862 -> 2864	1.0
2862 -> 2863	1.0
2862 -> 2865	1.0
2862 -> 2866	1.0
3030 -> 3033	1.0
3030 -> 3032	1.0
3030 -> 3031	1.0
3030 -> 3034	1.0
3066 -> 3071	1.0
3066 -> 3067	1.0
3066 -> 3068	1.0
3066 -> 3069	1.0
3066 -> 3070	1.0
3069 -> 3071	1.0
3069 -> 3070	1.0
3140 -> 3141	1.0
3244 -> 3246	1.0
3244 -> 3247	1.0
3244 -> 3245	1.0
3249 -> 3250	1.0
3249 -> 3254	1.0
3249 -> 3253	1.0
3249 -> 3252	1.0
3249 -> 3251	1.0
3303 -> 3306	0.875
3303 -> 3305	0.75
3303 -> 3304	0.75
3305 -> 3306	0.7
3378 -> 3379	1.0
3397 -> 3399	1.0
3397 -> 3398	1.0
3397 -> 3401	1.0
3397 -> 3400	1.0
3402 -> 3535	0.70621467
3506 -> 3508	1.0
3506 -> 3507	1.0
3506 -> 3509	1.0
353 -> 354	1.0
3562 -> 3563	1.0
3566 -> 3568	1.0
3566 -> 3567	1.0
36 -> 38	0.9502725
360 -> 361	1.0
360 -> 362	1.0
360 -> 363	1.0
360 -> 364	1.0
3620 -> 3621	1.0
3620 -> 3623	1.0
3620 -> 3622	1.0
3622 -> 3623	1.0
3657 -> 3658	1.0
37 -> 38	0.9739292
3726 -> 3732	1.0
3726 -> 3727	1.0
3726 -> 3728	1.0
3726 -> 3729	1.0
3726 -> 3730	1.0
3726 -> 3731	1.0
3832 -> 3833	1.0
3834 -> 3835	1.0
3943 -> 3944	1.0
4088 -> 4089	1.0
4088 -> 4092	1.0
4088 -> 4091	1.0
4088 -> 4090	1.0
4102 -> 4106	1.0
4102 -> 4105	1.0
4102 -> 4104	1.0
4102 -> 4103	1.0
4102 -> 4108	1.0
4102 -> 4107	1.0
4103 -> 4107	1.0
4103 -> 4106	1.0
4103 -> 4105	1.0
4103 -> 4104	1.0
4103 -> 4108	1.0
4147 -> 4149	1.0
4147 -> 4148	1.0
4206 -> 4207	1.0
4259 -> 4260	1.0
4333 -> 4334	1.0
4399 -> 4401	1.0
4399 -> 4400	1.0
4400 -> 4401	1.0
4413 -> 4414	0.8
4458 -> 4459	1.0
4487 -> 4488	1.0
4528 -> 4530	1.0
4528 -> 4529	1.0
4528 -> 4533	1.0
4528 -> 4532	1.0
4528 -> 4531	1.0
4531 -> 4532	1.0
4531 -> 4533	1.0
4577 -> 4578	1.0
4598 -> 4599	1.0
4598 -> 4600	1.0
462 -> 469	1.0
462 -> 468	1.0
462 -> 467	1.0
462 -> 466	1.0
462 -> 463	1.0
462 -> 464	1.0
462 -> 465	1.0
462 -> 471	1.0
462 -> 470	1.0
4634 -> 4635	1.0
4724 -> 4728	1.0
4724 -> 4727	1.0
4724 -> 4726	1.0
4724 -> 4725	1.0
4724 -> 4729	1.0
4739 -> 4740	0.70652175
4739 -> 6173	0.70652175
4740 -> 6173	0.7340425
4781 -> 4783	1.0
4781 -> 4782	1.0
4788 -> 4790	1.0
4788 -> 4789	1.0
4809 -> 4810	1.0
4809 -> 4812	1.0
4809 -> 4811	1.0
4845 -> 4846	1.0
4848 -> 4849	1.0
4954 -> 4955	1.0
5030 -> 5033	1.0
5030 -> 5032	1.0
5030 -> 5031	1.0
5031 -> 5033	1.0
5031 -> 5032	1.0
5032 -> 5033	1.0
5109 -> 5110	1.0
5130 -> 5131	1.0
5130 -> 5132	1.0
5193 -> 5194	1.0
5225 -> 5228	1.0
5225 -> 5227	1.0
5225 -> 5233	1.0
5225 -> 5232	1.0
5225 -> 5231	1.0
5225 -> 5230	1.0
5225 -> 5229	1.0
5225 -> 5226	1.0
5265 -> 5266	1.0
5265 -> 5267	1.0
5275 -> 5276	1.0
5277 -> 5278	1.0
5284 -> 5286	1.0
5284 -> 5285	1.0
5285 -> 5286	1.0
5298 -> 5301	1.0
5298 -> 5300	1.0
5298 -> 5299	1.0
5365 -> 5367	1.0
5365 -> 5366	1.0
5396 -> 5398	1.0
5396 -> 5397	1.0
5397 -> 5398	1.0
5402 -> 5406	1.0
5413 -> 5414	1.0
5413 -> 5416	1.0
5413 -> 5415	1.0
5417 -> 5418	1.0
5417 -> 5419	1.0
5447 -> 5450	1.0
5447 -> 5449	1.0
5447 -> 5448	1.0
5447 -> 5451	1.0
5448 -> 5450	1.0
5448 -> 5449	1.0
5448 -> 5451	1.0
5584 -> 5585	1.0
5584 -> 5589	1.0
5584 -> 5588	1.0
5584 -> 5587	1.0
5584 -> 5586	1.0
562 -> 570	1.0
562 -> 569	1.0
562 -> 568	1.0
562 -> 567	1.0
562 -> 566	1.0
562 -> 565	1.0
562 -> 564	1.0
562 -> 563	1.0
5654 -> 5656	1.0
5654 -> 5657	1.0
5654 -> 5658	1.0
5654 -> 5655	1.0
5697 -> 5699	1.0
5697 -> 5698	1.0
5709 -> 5711	1.0
5709 -> 5710	1.0
5709 -> 5712	1.0
5713 -> 5715	1.0
5713 -> 5714	1.0
5745 -> 5746	1.0
5791 -> 5792	1.0
5834 -> 5835	1.0
5877 -> 5880	1.0
5877 -> 5879	1.0
5877 -> 5878	1.0
5878 -> 5880	1.0
5878 -> 5879	1.0
5939 -> 5941	1.0
5939 -> 5940	1.0
5984 -> 5990	1.0
5984 -> 5989	1.0
5984 -> 5988	1.0
5984 -> 5987	1.0
5984 -> 5986	1.0
5984 -> 5985	1.0
5995 -> 5996	1.0
6019 -> 6023	1.0
6019 -> 6022	1.0
6019 -> 6021	1.0
6019 -> 6020	1.0
6019 -> 6024	1.0
6066 -> 6067	1.0
6093 -> 6094	1.0
6153 -> 6155	1.0
6153 -> 6154	1.0
6157 -> 6158	1.0
6234 -> 6236	1.0
6234 -> 6235	1.0
6295 -> 6296	1.0
6332 -> 6333	1.0
634 -> 635	1.0
634 -> 636	1.0
6362 -> 6363	0.71428573
6371 -> 6372	1.0
6393 -> 6394	1.0
6393 -> 6395	1.0
6513 -> 6515	1.0
6513 -> 6514	1.0
6556 -> 6558	1.0
6556 -> 6559	1.0
6556 -> 6560	1.0
6556 -> 6561	1.0
6556 -> 6562	1.0
6556 -> 6557	1.0
6557 -> 6559	1.0
6557 -> 6560	1.0
6557 -> 6561	1.0
6557 -> 6562	1.0
6557 -> 6558	1.0
6558 -> 6560	1.0
6558 -> 6561	1.0
6558 -> 6562	1.0
6558 -> 6559	1.0
6559 -> 6561	1.0
6559 -> 6562	1.0
6559 -> 6560	1.0
6560 -> 6562	1.0
6560 -> 6561	1.0
6561 -> 6562	1.0
6588 -> 6589	1.0
6595 -> 6597	1.0
6595 -> 6596	1.0
6595 -> 6598	1.0
6626 -> 6627	1.0
6646 -> 6647	1.0
6671 -> 6672	1.0
6673 -> 6674	1.0
6678 -> 6679	1.0
6686 -> 6688	1.0
6686 -> 6687	1.0
6686 -> 6690	1.0
6686 -> 6689	1.0
6699 -> 6700	1.0
6701 -> 6704	1.0
6702 -> 6704	1.0
6702 -> 6703	1.0
6724 -> 6725	1.0
6807 -> 6808	1.0
6835 -> 6838	1.0
6835 -> 6837	1.0
6835 -> 6836	1.0
6871 -> 6872	1.0
6877 -> 6878	1.0
6900 -> 6901	1.0
6934 -> 6935	1.0
6962 -> 6964	1.0
6962 -> 6963	1.0
7012 -> 7014	1.0
7012 -> 7013	1.0
7028 -> 7029	1.0
7035 -> 7037	1.0
7035 -> 7036	1.0
7039 -> 7042	1.0
7039 -> 7041	1.0
7039 -> 7040	1.0
7043 -> 7045	1.0
7043 -> 7044	1.0
7101 -> 7102	1.0
7151 -> 7152	1.0
7154 -> 7156	1.0
7154 -> 7155	1.0
7228 -> 7229	1.0
7254 -> 7258	1.0
7254 -> 7255	1.0
7254 -> 7256	1.0
7254 -> 7257	1.0
7254 -> 7259	1.0
7258 -> 7259	1.0
7261 -> 7262	1.0
7326 -> 7329	1.0
7326 -> 7328	1.0
7326 -> 7327	1.0
7381 -> 7384	1.0
7381 -> 7383	1.0
7381 -> 7382	1.0
7442 -> 7443	1.0
7467 -> 7470	1.0
7467 -> 7468	1.0
7467 -> 7469	1.0
7468 -> 7470	1.0
7468 -> 7469	1.0
7528 -> 7529	1.0
7565 -> 7566	1.0
7565 -> 7567	1.0
7584 -> 7585	1.0
7584 -> 7586	1.0
7597 -> 7598	1.0
7597 -> 7600	1.0
7597 -> 7599	1.0
7617 -> 7620	1.0
7617 -> 7619	1.0
7617 -> 7618	1.0
7617 -> 7623	1.0
7617 -> 7622	1.0
7617 -> 7621	1.0
7619 -> 7620	1.0
7619 -> 7623	1.0
7619 -> 7622	1.0
7619 -> 7621	1.0
7621 -> 7622	1.0
7621 -> 7623	1.0
7622 -> 7623	1.0
7633 -> 7634	1.0
7633 -> 7635	1.0
7709 -> 7710	1.0
7721 -> 7723	1.0
7721 -> 7722	1.0
7730 -> 8269	0.75
7799 -> 7801	1.0
7799 -> 7800	1.0
7807 -> 7808	1.0
7812 -> 7814	1.0
7812 -> 7813	1.0
7813 -> 7814	1.0
7828 -> 7830	1.0
7828 -> 7829	1.0
7853 -> 7858	1.0
7853 -> 7859	1.0
7853 -> 7854	1.0
7853 -> 7855	1.0
7853 -> 7856	1.0
7853 -> 7857	1.0
7854 -> 7859	1.0
7854 -> 7858	1.0
7854 -> 7857	1.0
7854 -> 7856	1.0
7854 -> 7855	1.0
7866 -> 7867	1.0
7901 -> 7902	1.0
7906 -> 7907	0.7
7929 -> 7931	0.7692308
7979 -> 7980	1.0
7979 -> 7981	1.0
7979 -> 7982	1.0
802 -> 805	0.8
8034 -> 8038	1.0
8034 -> 8035	1.0
8034 -> 8036	1.0
8034 -> 8037	1.0
8105 -> 8106	1.0
8112 -> 8113	1.0
8122 -> 8123	1.0
8122 -> 8124	1.0
8123 -> 8124	1.0
8132 -> 8133	1.0
8132 -> 8134	1.0
8184 -> 8185	1.0
8188 -> 8189	1.0
8216 -> 8217	1.0
8216 -> 8218	1.0
8217 -> 8218	1.0
8244 -> 8245	1.0
8249 -> 8250	1.0
8262 -> 8263	1.0
8264 -> 8267	1.0
8264 -> 8266	1.0
8264 -> 8265	1.0
8265 -> 8266	1.0
8265 -> 8267	1.0
8282 -> 8283	1.0
8316 -> 10074	0.8333333
8328 -> 8330	1.0
8328 -> 8329	1.0
8329 -> 8330	1.0
8371 -> 8372	1.0
8432 -> 8434	1.0
8432 -> 8433	1.0
8445 -> 8446	1.0
8463 -> 8464	1.0
8463 -> 8465	1.0
8474 -> 8475	1.0
8494 -> 8495	1.0
8494 -> 8497	1.0
8494 -> 8496	1.0
8499 -> 8500	1.0
8499 -> 8501	1.0
8500 -> 8501	1.0
8527 -> 8528	1.0
8540 -> 8541	1.0
8611 -> 8612	1.0
8611 -> 8613	1.0
8612 -> 8613	1.0
8633 -> 8634	1.0
8662 -> 8663	1.0
8724 -> 8725	1.0
8727 -> 8728	1.0
8735 -> 8737	1.0
8735 -> 8736	1.0
8735 -> 8738	1.0
8749 -> 8750	1.0
8761 -> 8762	1.0
8807 -> 8808	1.0
8818 -> 8819	1.0
8820 -> 8822	1.0
8820 -> 8821	1.0
8821 -> 8822	1.0
8823 -> 8825	1.0
8823 -> 8824	1.0
8824 -> 8825	1.0
8847 -> 8849	1.0
8847 -> 8850	1.0
8847 -> 8848	1.0
8848 -> 8850	1.0
8848 -> 8849	1.0
8849 -> 8850	1.0
8853 -> 8854	1.0
8903 -> 8904	1.0
8957 -> 8959	1.0
8957 -> 8958	1.0
8972 -> 8973	1.0
8980 -> 8981	1.0
8993 -> 8995	1.0
8993 -> 8994	1.0
8994 -> 8995	1.0
8998 -> 8999	1.0
9071 -> 9072	1.0
9077 -> 9078	1.0
9080 -> 9082	1.0
9080 -> 9081	1.0
9081 -> 9082	1.0
9089 -> 9091	1.0
9089 -> 9090	1.0
9089 -> 9092	1.0
9099 -> 9101	1.0
9099 -> 9100	1.0
9100 -> 9101	1.0
9122 -> 9123	1.0
9160 -> 9161	1.0
9298 -> 9299	1.0
9322 -> 9323	1.0
9326 -> 9328	1.0
9326 -> 9327	1.0
9329 -> 9330	1.0
9335 -> 9336	1.0
9340 -> 9341	1.0
9345 -> 9346	1.0
9359 -> 9360	1.0
9373 -> 9374	1.0
9373 -> 9375	1.0
9428 -> 9429	1.0
9436 -> 9438	1.0
9455 -> 9456	1.0
946 -> 947	1.0
946 -> 948	1.0
9462 -> 9463	1.0
949 -> 952	1.0
949 -> 951	1.0
949 -> 950	1.0
9523 -> 9525	1.0
9523 -> 9524	1.0
9542 -> 9543	1.0
9558 -> 9559	1.0
9626 -> 9627	1.0
9659 -> 9660	1.0
9676 -> 9677	1.0
9710 -> 9711	1.0
9769 -> 9770	1.0
9775 -> 9777	0.84615386
9800 -> 9801	1.0
9807 -> 9808	1.0
9807 -> 9809	1.0
9808 -> 9809	1.0
9816 -> 9818	1.0
9816 -> 9817	1.0
9817 -> 9818	1.0
9830 -> 9831	1.0
9850 -> 9851	1.0
9872 -> 9874	1.0
9872 -> 9873	1.0
9873 -> 9874	1.0
9915 -> 9916	1.0
9918 -> 9919	1.0
9929 -> 9930	1.0
9934 -> 9935	1.0
9946 -> 9947	1.0
9956 -> 9957	1.0
9973 -> 9974	1.0
9976 -> 9977	1.0
9983 -> 9984	1.0
